0.185167 0.959979 0.263988
1.625987 0.153061 -0.888011
-0.142815 0.392887 0.002230
1.972255 0.116263 0.739820
1.876959 0.563331 -0.836350
0.829110 -0.224577 -0.150487
1.199002 0.108509 0.023706
0.784119 -0.303785 -0.467276
0.534574 0.841173 -0.800652
0.889437 0.650824 -1.107099
1.618041 0.186142 -1.069897
0.976317 1.793323 0.416795
1.292660 -0.345295 0.168466
1.449881 -0.119156 -0.209646
-0.237341 0.420392 -0.682440
1.496122 0.463560 -0.159864
1.511741 0.120375 0.739169
0.767551 1.510642 0.589655
0.541831 1.235072 -1.023015
1.213201 -0.573091 -0.549339
1.165927 0.019205 0.457475
1.107224 -0.012387 -0.114608
0.064819 0.419561 -1.050899
1.303550 1.573574 -0.802569
-0.145427 0.246833 0.213715
0.940231 1.207499 -1.051911
1.343083 -0.243403 0.526207
1.413516 0.435224 -1.072883
0.979917 -0.014539 0.259212
0.646934 1.242137 -0.255570
0.160451 0.263599 0.321570
0.703454 0.969865 -0.212409
1.134622 0.429677 -1.149162
1.108134 -0.717184 0.072821
0.725339 0.249580 0.615133
0.772183 0.018708 0.311102
1.214703 -0.481778 -0.620497
-0.086790 0.628579 0.416241
0.663337 1.213986 0.407344
0.001581 0.611905 -0.121316
0.874628 1.494944 -0.563993
0.833288 -0.436228 -0.345784
0.939591 1.459891 -1.186096
1.131997 0.398401 -0.755784
0.692055 -0.267238 0.685819
0.723397 0.276545 0.206038
0.139943 0.974344 0.724895
0.652858 0.145076 -0.598243
1.350659 -0.459222 0.019129
1.638094 -0.130516 -0.642707
1.945690 0.709060 -0.910210
0.298270 1.171897 -0.715889
0.873450 1.113422 -0.724725
1.509730 0.635764 0.064612
1.138246 0.739433 -1.019420
1.727645 0.720734 -0.826963
0.222016 -0.020900 0.155129
0.299250 -0.166546 -0.747008
1.665821 0.244790 0.181875
0.222190 0.957449 -0.924958
1.321865 -0.271397 0.649387
1.875961 0.691316 0.119968
1.370554 1.026686 -0.140699
1.210364 -0.440516 0.594432
1.378043 1.254511 -0.521940
0.467201 0.606300 0.594221
1.151619 1.443227 0.084063
0.890414 -0.566644 0.597108
1.844614 -0.043587 -0.997057
1.931175 0.031278 -0.878384
0.797539 0.840301 0.103923
0.309991 0.410125 -0.725502
0.404486 0.601669 0.099266
1.270978 1.216775 -0.063383
0.612447 -0.261709 -0.669595
-0.030991 0.806885 -0.413805
1.368980 1.239896 0.389623
0.894971 0.612488 -0.214965
0.254414 0.383603 -0.638455
0.121552 0.033010 -0.845779
0.980951 1.764854 0.629729
1.501624 -0.368871 0.656637
0.238487 1.058387 0.727240
1.789924 0.708538 -0.429805
1.755494 0.737671 -0.861015
0.463513 1.197145 0.192060
1.668760 0.029403 0.030014
2.202039 0.684043 -0.163341
1.193188 1.374184 0.194031
1.485065 0.587646 -0.612816
0.998936 1.376069 0.534145
1.568370 1.100451 -0.196967
1.209772 1.133934 0.203934
0.866763 1.469865 -0.524010
1.398244 -0.250149 -0.043440
0.392375 -0.204928 -0.114711
0.569666 0.326581 -1.139000
-0.110515 0.301938 -0.479619
