1073.872833 484.025377
1035.519447 471.450816
1058.052177 474.680089
965.639763 490.813608
1066.810570 461.771014
1004.994392 475.625246
1007.413559 460.741206
1083.178253 474.381688
1040.715752 456.192094
969.745216 467.863598
801.902161 504.600055
834.238701 487.946692
814.463596 493.774188
901.451283 496.333112
805.364571 482.275718
862.591553 487.403158
858.218136 473.245246
792.678108 495.902038
827.529144 473.731037
894.468899 474.434313
1047.532196 519.204555
1053.468590 514.459459
981.350670 523.755051
1031.152153 525.878588
1017.211761 527.872767
1003.951721 527.319063
991.641998 525.186803
984.423523 524.465311
995.047989 511.532739
1008.811798 506.443731
1022.622871 505.037663
1036.373520 506.900264
1044.893188 510.347536
1040.747910 522.620122
985.470886 518.897012
1049.787712 512.767124
830.388165 533.940825
824.481525 530.467837
893.868542 529.788766
846.437588 538.134921
860.223770 538.372296
872.968025 536.193784
884.484444 532.561537
891.094093 530.779113
879.785957 519.671484
866.065979 516.780170
852.458038 517.340441
839.434490 520.906159
831.810837 525.509087
836.965885 536.172831
889.320602 525.490934
827.556095 528.387430
934.076042 516.130357
934.587593 538.353306
935.048103 559.874525
935.446873 580.045874
935.920887 601.760116
936.926479 626.974704
885.379372 629.064188
894.649487 648.944249
919.455643 657.057438
940.472717 657.744234
962.006378 654.727650
988.449554 644.050033
996.876984 622.969608
943.486233 698.824840
945.496674 711.521451
945.409241 712.272685
947.082653 736.361325
923.458443 695.850227
904.158554 697.956576
892.291088 701.367767
877.992611 706.056440
886.280136 705.227573
905.009136 706.897538
916.637650 708.950715
930.235863 710.867293
927.602692 735.569601
929.054718 712.009528
902.496700 708.853705
895.682945 720.226743
895.139980 707.539659
885.504971 712.805307
914.505329 710.619006
910.018902 729.452426
882.697620 703.216431
894.941425 705.092454
963.884583 693.856208
985.440674 694.049134
999.594612 695.893486
1016.900711 698.582540
1008.527412 698.449287
988.538361 702.213178
976.058807 705.748351
961.697617 709.140873
967.460060 733.331287
962.560043 710.239205
991.000557 703.823726
999.356918 714.429245
999.166832 701.621783
1009.636002 705.874908
978.026047 706.986952
985.128479 725.131195
1011.036873 696.434283
999.297981 699.280536
