1074.464607 485.279299
1036.233559 472.886817
1058.733788 476.097261
966.260262 491.542633
1067.477875 463.312908
1005.672569 476.855382
1008.164291 461.992071
1083.742676 475.682087
1041.450005 457.656419
970.518608 468.737590
802.110958 504.078537
834.641075 487.794932
814.704037 493.435650
902.212772 496.463917
805.641460 481.922407
863.225098 487.418382
858.925896 473.234560
792.970905 495.343859
828.010311 473.511429
895.256653 474.608409
1047.988586 519.411610
1053.903465 514.749266
981.770782 523.599848
1031.695404 525.970738
1017.790604 527.875503
1004.517746 527.252920
992.148628 525.079365
984.866066 524.343388
995.573616 511.281331
1009.441795 506.194704
1023.315010 504.879498
1037.029724 506.923696
1045.452690 510.502546
1041.254768 522.759426
985.948105 518.686191
1050.266190 512.989243
830.588150 532.965606
824.700623 529.456633
894.287567 529.103065
846.571712 537.222047
860.361614 537.529975
873.202229 535.410429
884.799786 531.832094
891.483765 530.093540
880.105705 518.702896
866.296749 515.651711
852.609444 516.164893
839.548874 519.741297
831.973457 524.402064
837.123013 535.218115
889.732475 524.708641
827.767124 527.328655
934.701977 516.057808
935.131702 538.051300
935.546379 559.571908
935.908813 579.837048
936.370354 601.619654
937.331600 626.947732
885.714569 628.764145
894.974613 648.747718
919.758797 656.891291
940.824394 657.672136
962.391586 654.658449
988.766785 644.041986
997.206116 622.950618
943.869896 698.939230
945.818939 711.690946
945.640125 713.071361
947.218666 737.311664
923.874779 695.908291
904.675598 698.068006
892.919083 701.628671
878.778248 706.611078
887.100677 705.674386
905.702763 707.147048
917.193832 709.145379
930.699234 711.032345
927.743225 736.401751
929.373436 712.704306
903.032856 709.400811
896.060085 720.800757
895.795956 708.027670
886.099663 713.314819
914.940948 711.247094
910.238857 730.142376
883.454762 703.602283
895.742397 705.430670
964.211311 694.013150
985.660973 694.306755
999.712486 696.333733
1016.929436 699.384112
1008.454170 699.131255
988.499222 702.620401
976.110992 706.072726
961.842842 709.400940
967.540283 734.314456
962.678604 711.047666
990.937958 704.579594
999.390907 715.278711
999.079857 702.333877
1009.694252 706.645839
978.037376 707.788074
985.202637 726.085460
1011.092033 697.062049
999.192352 699.812322
