1072.887726 484.685104
1034.654732 472.080803
1057.110786 475.388836
964.910431 490.897937
1065.898933 462.541108
1004.163322 476.005046
1006.626205 461.082609
1082.200928 475.028926
1039.871063 456.789540
969.057770 467.942905
801.141186 504.180086
833.444366 487.456427
813.641167 493.322128
900.887833 496.003007
804.506035 481.794595
861.915035 486.941346
857.539215 472.730906
791.962337 495.489213
826.724339 473.202921
893.859043 474.019396
1046.500282 519.374145
1052.397652 514.721457
980.625687 523.630199
1030.253906 525.959569
1016.391106 527.919728
1003.174667 527.323054
990.895844 525.134919
983.693848 524.371777
994.287529 511.432189
1008.038406 506.410643
1021.802673 505.085299
1035.479622 507.056755
1043.923759 510.553175
1039.787178 522.724117
984.750137 518.758417
1048.768501 512.988503
829.757652 533.665599
823.840942 530.143461
893.100872 529.480677
845.787563 537.892331
859.562473 538.137463
872.288704 535.965518
883.761692 532.309517
890.344620 530.501890
878.988934 519.275526
865.277939 516.331426
851.684418 516.855680
838.680954 520.436783
831.103134 525.090405
836.324787 535.917914
888.549786 525.141613
826.888046 528.019280
933.528328 515.858091
934.087372 537.947402
934.579811 559.499745
935.028362 579.770551
935.562687 601.605685
936.633625 626.986163
885.259438 629.114850
894.504948 649.059412
919.255142 657.144148
940.272732 657.856565
961.768570 654.783590
987.960320 644.084666
996.264038 622.982225
943.518620 699.074671
945.521622 711.741221
945.330105 712.294314
946.965122 736.216357
923.603840 696.132953
904.475899 698.338051
892.744789 701.837626
878.623581 706.559129
886.779327 705.636277
905.373402 707.254550
916.906643 709.249020
930.409985 711.120794
927.669754 735.440726
929.132595 712.039847
902.795620 709.016054
896.064606 720.302188
895.510540 707.785563
886.027336 713.081596
914.704399 710.707390
910.247326 729.378269
883.296432 703.737016
895.394497 705.511394
963.735352 694.130630
985.058098 694.348533
999.057884 696.255713
1016.159019 698.988476
1007.873154 698.782418
988.069038 702.515216
975.714684 706.031399
961.494141 709.404287
967.052422 733.256485
962.266846 710.293922
990.427437 703.969724
998.676338 714.547691
998.561554 701.830866
1008.926926 706.124289
977.581444 707.089047
984.565201 725.142717
1010.382957 696.851807
998.737564 699.628215
