1074.720497 486.091204
1036.606407 473.655238
1059.020805 476.894327
966.662292 492.168145
1067.785950 464.162858
1006.109505 477.528788
1008.629150 462.724507
1084.038048 476.527401
1041.868401 458.498290
970.937233 469.421779
802.169781 504.863019
834.770966 488.441559
814.825058 494.147969
902.363434 497.036483
805.744915 482.681944
863.335762 487.973921
859.062023 473.856758
792.970333 496.205299
828.143291 474.218920
895.455379 475.210426
1048.210487 520.213087
1054.106483 515.575655
981.953201 524.513783
1031.961937 526.749458
1018.102913 528.695229
1004.840012 528.132384
992.438278 526.007463
985.102043 525.279050
995.760841 512.164110
1009.666901 507.047936
1023.560715 505.719309
1037.284126 507.760127
1045.689468 511.345414
1041.493607 523.528683
986.136475 519.597552
1050.482140 513.818207
830.619221 533.946233
824.729519 530.430114
894.426956 530.087907
846.583443 538.177600
860.337582 538.508896
873.202229 536.413940
884.832344 532.856623
891.574860 531.107833
880.227528 519.634084
866.415882 516.549972
852.698536 517.071555
839.611187 520.639815
832.026615 525.339561
837.134342 536.180942
889.867287 525.687175
827.797451 528.280088
934.974632 516.864885
935.411110 538.883804
935.857601 560.318055
936.252422 580.468547
936.772499 602.106764
937.764072 627.284918
886.098289 629.674122
895.444107 649.549806
920.192928 657.421081
941.171494 658.089595
962.692680 655.123029
988.982048 644.695051
997.428474 623.684471
944.263287 699.466574
946.182804 712.327337
946.031857 713.706851
947.608509 737.951982
924.282074 696.508441
905.079460 698.853164
893.329697 702.536073
879.178619 707.673361
887.485828 706.606314
906.122303 707.998703
917.612286 709.923649
931.091881 711.722810
928.102169 737.089834
929.755898 713.392518
903.408737 710.242810
896.392937 721.661682
896.158962 708.929086
886.473026 714.291615
915.323753 712.004378
910.574684 730.911055
883.861828 704.597554
896.156502 706.333437
964.528885 694.494917
985.861931 694.850063
999.824295 696.941993
1017.017555 700.115454
1008.501778 699.776337
988.558731 703.261492
976.245003 706.699591
962.064285 710.018792
967.891617 734.938745
962.996864 711.675110
991.098404 705.228024
999.607201 715.962031
999.187088 702.989516
1009.840050 707.345510
978.255501 708.405604
985.491714 726.716959
1011.148224 697.750776
999.208488 700.457404
