1074.253807 485.909543
1036.228409 473.620380
1058.581810 476.816500
966.674194 492.107345
1067.292366 464.089923
1005.846405 477.493190
1008.358383 462.699981
1083.538055 476.267560
1041.440735 458.454806
970.919724 469.391588
802.750454 504.781909
835.502758 488.519096
815.513535 494.192322
903.003731 497.017204
806.345901 482.753077
864.095020 488.043348
859.758739 473.943211
793.445435 496.058593
828.811111 474.308785
896.028271 475.251882
1047.825851 519.591275
1053.732262 514.938458
981.962128 523.984122
1031.614151 526.164533
1017.798157 528.134251
1004.610786 527.563133
992.286186 525.450829
985.024452 524.726762
995.668831 511.490736
1009.481392 506.305683
1023.330116 504.973065
1037.005234 507.026339
1045.384598 510.651827
1041.109657 522.928437
986.120110 519.014976
1050.156097 513.159671
831.242523 533.239160
825.298805 529.734628
894.912472 529.478070
847.292805 537.507412
861.068058 537.818753
873.885098 535.719066
885.454960 532.169473
892.132072 530.458117
880.685520 518.940883
866.890755 515.817182
853.188515 516.350899
840.133553 519.942656
832.566090 524.648677
837.817326 535.492473
890.338497 525.052682
828.359585 527.592648
935.375862 516.630889
935.899143 538.587205
936.417103 560.119658
936.879787 580.371473
937.448215 602.135539
938.500500 627.387207
886.525612 629.172013
895.828800 649.127133
920.693207 657.189145
941.820889 657.936902
963.393173 654.923537
989.654274 644.365075
997.973900 623.281689
944.833775 699.434388
946.726570 712.065854
946.553307 712.956133
948.147926 736.976345
924.836540 696.414456
905.591526 698.564579
893.759480 702.048447
879.483662 706.807737
887.725811 705.824761
906.437302 707.466338
918.000126 709.505997
931.553879 711.405838
928.725014 736.123080
930.284500 712.630920
903.833141 709.453597
896.953869 720.795865
896.507721 708.131182
886.895943 713.425605
915.815792 711.231837
911.208572 729.992452
884.205551 703.922217
896.391563 705.694470
965.123291 694.501033
986.463432 694.783180
1000.431633 696.753895
1017.629929 699.604976
1009.176979 699.298174
989.246864 702.945936
976.919289 706.431026
962.691422 709.763360
968.384628 734.016087
963.542862 710.961986
991.714554 704.616995
1000.106621 715.252061
999.839859 702.428827
1010.393257 706.758749
978.847618 707.749000
985.975456 725.882685
1011.786804 697.404964
999.914360 700.081465
