1072.638130 484.811468
1034.627151 472.523496
1056.993370 475.675521
965.005646 491.160514
1065.653572 462.901983
1004.231186 476.458361
1006.660309 461.635476
1081.842384 475.140935
1039.778481 457.309674
969.169579 468.395094
801.641121 504.012330
833.808346 487.608218
814.050465 493.332556
901.092396 496.108450
805.022964 481.844097
862.197475 487.129734
857.878132 473.001112
792.546329 495.322938
827.157669 473.380945
894.091244 474.275504
1046.380920 519.038440
1052.262268 514.357814
980.445900 523.412393
1030.208702 525.634196
1016.369820 527.608130
1003.139420 527.039362
990.804863 524.912896
983.542900 524.166330
994.157066 511.083609
1007.959213 505.979472
1021.796837 504.655834
1035.455818 506.627902
1043.861046 510.178653
1039.694595 522.398551
984.600220 518.497159
1048.644791 512.620643
829.987965 533.091295
824.127502 529.560564
893.465939 529.108311
845.913620 537.367723
859.654312 537.673237
872.462769 535.515518
884.015694 531.903452
890.677757 530.124375
879.335175 518.742163
865.568848 515.714250
851.903687 516.262965
838.867779 519.841236
831.334648 524.493313
836.492901 535.364950
888.924065 524.729176
827.168541 527.423283
933.607979 515.889280
934.082680 537.942381
934.539871 559.409752
934.944305 579.614704
935.461063 601.329138
936.509514 626.533878
885.362377 628.760412
894.634151 648.666415
919.258690 656.551530
940.231190 657.196999
961.683998 654.130397
987.850456 643.570261
996.181297 622.502904
943.585510 698.869901
945.633087 711.648202
945.396595 712.374523
947.053757 736.390743
923.776989 695.973308
904.799366 698.295436
893.174572 701.976736
879.209118 706.995964
887.351475 705.880187
905.876026 707.362311
917.314739 709.289253
930.687561 711.064339
927.770519 735.625670
929.281998 712.125528
903.155594 709.219086
896.309853 720.596759
895.969849 708.005526
886.442127 713.432622
914.964581 710.861049
910.389004 729.606793
883.811932 704.043818
895.961208 705.693440
963.723679 693.878610
985.041046 694.111125
999.045181 696.104887
1016.245880 698.973026
1007.861366 698.610156
987.979889 702.356086
975.665131 705.888233
961.468964 709.272516
967.201767 733.355234
962.307587 710.293472
990.444489 703.894794
998.841019 714.523165
998.542786 701.710103
1009.108086 706.065967
977.584991 707.059371
984.746475 725.173230
1010.412827 696.765740
998.621635 699.455824
