1073.832436 485.397584
1035.792274 473.067706
1058.191223 476.222756
966.173744 491.571311
1066.872826 463.417515
1005.372734 476.991112
1007.836075 462.096870
1083.003502 475.787498
1040.963974 457.825656
970.364914 468.756001
802.090187 504.291934
834.702587 488.046116
814.721489 493.693238
902.191830 496.484871
805.704117 482.146490
863.234024 487.544843
859.001541 473.344059
792.985840 495.529704
828.121948 473.720384
895.281715 474.571942
1047.448311 519.578079
1053.339500 515.001737
981.615028 523.645874
1031.248398 525.927866
1017.443619 527.823619
1004.266205 527.237631
991.996536 525.123621
984.724846 524.385971
995.266113 511.775522
1009.060135 506.912785
1022.834473 505.677788
1036.471596 507.596780
1044.878540 511.031048
1040.739441 522.817200
985.753212 518.896465
1049.685173 513.372713
830.492477 533.311225
824.601746 529.907663
894.009361 529.261712
846.472778 537.349344
860.183830 537.623187
872.955379 535.514070
884.498749 531.975936
891.175690 530.243626
879.993725 519.292585
866.290512 516.464260
852.697849 517.035280
839.659424 520.525553
832.029133 525.048337
837.034664 535.447572
889.513607 525.016054
827.732391 527.880074
934.775677 516.107633
935.256157 538.080879
935.728111 559.567466
936.142101 579.781430
936.671677 601.494448
937.687912 626.785641
885.818138 629.152186
895.116978 649.076664
919.876785 656.967123
940.888424 657.668080
962.386780 654.733379
988.553467 644.394622
996.979065 623.302932
943.761921 699.118960
945.639954 712.248480
945.539246 712.904892
947.094383 737.275100
923.876553 696.152587
904.703522 698.582926
892.897968 702.372952
878.745174 707.516484
886.995792 706.345475
905.621967 707.894225
917.150688 709.838805
930.594006 711.628118
927.698593 736.442950
929.324455 712.587662
902.965164 709.657466
896.023350 721.267977
895.711498 708.474483
886.047993 714.028072
914.909019 711.313076
910.215683 730.364013
883.418541 704.504213
895.644894 706.205270
963.890533 694.206977
985.105133 694.720416
998.992653 696.992719
1015.997200 700.269563
1007.590828 699.796486
987.786255 703.343439
975.556526 706.729653
961.425133 709.990854
967.207375 734.353530
962.381401 710.953231
990.344925 704.856591
998.734360 715.732155
998.345604 702.776506
1008.915367 707.346411
977.554321 707.867961
984.702187 726.286497
1010.229149 697.902825
998.372841 700.554221
