1072.336693 483.970338
1033.856049 471.575958
1056.450348 474.717264
963.902893 490.733045
1065.094414 461.918203
1003.305359 475.655082
1005.682983 460.790033
1081.602974 474.291179
1038.982315 456.338253
967.958107 467.775021
799.227905 504.860766
831.574402 487.858887
811.687260 493.840234
899.454002 496.095157
802.532902 482.415826
860.197048 487.209331
855.785408 473.059627
790.029774 496.251004
824.794979 473.673359
892.292519 474.181005
1046.289368 518.676760
1052.234344 513.849041
979.714394 523.623118
1029.906120 525.510921
1015.915146 527.606939
1002.574425 527.113552
990.132751 525.062724
982.812881 524.370811
993.450737 510.789360
1007.319489 505.343370
1021.303596 503.814769
1035.212975 505.769713
1043.743515 509.431733
1039.511833 522.168095
983.870316 518.558604
1048.603134 511.997577
827.899818 534.175529
821.948032 530.597259
892.043266 529.886227
844.060993 538.444008
857.994175 538.642437
870.914383 536.402289
882.548332 532.734700
889.262753 530.944744
877.638073 519.201787
863.719597 516.002319
849.876595 516.551002
836.687851 520.318755
829.111576 525.214870
834.508038 536.465181
887.397881 525.419415
824.945297 528.311824
932.401829 516.003799
932.988224 538.285521
933.546581 559.929693
934.044228 580.209060
934.617748 602.021599
935.771885 627.370727
884.170475 629.518726
893.530827 649.424987
918.546524 657.492471
939.740982 658.061464
961.344337 654.887874
987.801476 643.889101
996.047859 622.705486
943.098164 698.973155
945.192089 711.628890
944.909534 712.246549
946.656246 736.432972
922.907295 696.085832
903.470078 698.214197
891.538296 701.567774
877.141399 706.135619
885.445976 705.314541
904.330673 707.051196
916.047478 709.137590
929.786282 711.045735
927.016354 735.692489
928.418884 712.030191
901.666489 708.946273
894.910755 720.356777
894.296722 707.626691
884.696388 712.879465
913.774796 710.697541
909.321957 729.598103
881.889954 703.371506
894.151039 705.247142
963.589554 693.869147
985.319481 693.780055
999.588890 695.368330
1017.222633 697.642887
1008.711891 697.635741
988.512611 701.751559
975.959473 705.521500
961.472511 709.109845
967.147522 733.262215
962.182961 710.053811
990.902023 703.247974
999.339638 713.891988
999.195786 700.932412
1009.828377 705.103655
977.777596 706.631098
984.957047 724.852138
1011.248131 695.670884
999.363098 698.627536
