1072.688484 485.119686
1034.475174 472.782179
1056.947250 476.010711
964.434242 491.225821
1065.627480 463.240650
1003.898277 476.571529
1006.333809 461.719998
1081.942062 475.427459
1039.637146 457.544249
968.592339 468.395158
800.278130 504.973097
832.527122 488.373903
812.704926 494.253091
900.234261 496.327479
803.589077 482.853659
861.077785 487.623829
856.654930 473.504702
791.127148 496.301311
825.748386 474.188987
893.092175 474.540946
1046.245995 519.004322
1052.207108 514.345969
980.057373 523.521731
1029.967461 525.594091
1016.077080 527.581125
1002.804108 527.046862
990.407066 524.970156
983.131714 524.259542
993.835487 510.994838
1007.716255 505.790441
1021.647606 504.435228
1035.403290 506.453676
1043.829575 510.060368
1039.505653 522.344831
984.232178 518.538326
1048.619041 512.569242
828.830795 533.404469
822.915115 529.925816
892.537251 529.273460
844.875240 537.583823
858.686943 537.814214
871.525154 535.630231
883.087521 532.021480
889.760685 530.280994
878.242493 518.825784
864.408302 515.776466
850.659428 516.359493
837.570305 520.045009
830.043697 524.778936
835.390034 535.632516
887.930832 524.875721
825.924339 527.752486
932.926025 516.039526
933.483295 538.100578
934.024487 559.752860
934.509315 580.124409
935.098972 602.045803
936.265640 627.489238
884.290066 629.205036
893.575115 649.211912
918.671722 657.317054
940.165901 657.975075
962.032928 654.717157
988.564339 643.787713
996.787949 622.600944
943.506260 698.972576
945.555096 711.505165
945.277691 712.019119
946.931362 735.840418
923.382511 696.096389
904.104309 698.345969
892.389450 701.872966
878.320141 706.647191
886.535568 705.636857
905.198822 707.172668
916.746712 709.110296
930.353622 710.934691
927.539577 735.115964
929.004993 711.788599
902.573547 708.909581
895.775242 720.209813
895.295506 707.719581
885.731621 713.061898
914.530277 710.550835
910.011063 729.168284
882.942410 703.830421
895.180721 705.503604
963.990669 693.956630
985.640373 694.059885
999.760094 695.892327
1017.113457 698.472269
1008.656845 698.216321
988.605881 702.043684
976.137085 705.615356
961.697845 709.079139
967.242279 732.799051
962.407265 709.919529
990.956841 703.450170
999.304047 713.995306
999.198189 701.269147
1009.781685 705.566368
977.906914 706.651182
984.985199 724.628828
1011.271820 696.404479
999.371796 699.106214
