1074.510841 482.838435
1036.335869 470.371249
1058.741570 473.544388
966.873665 489.373680
1067.365952 460.699782
1005.991402 474.447573
1008.323936 459.572257
1083.686485 473.233048
1041.415901 455.137053
970.858040 466.512440
803.020077 503.375326
835.328636 486.623408
815.521374 492.492392
902.751274 494.731157
806.332512 481.038083
863.723373 485.919617
859.347439 471.766469
793.748360 494.750791
828.572273 472.383485
895.641003 472.798787
1048.575439 517.683195
1054.351273 512.949654
982.441063 522.424654
1032.502327 524.360318
1018.717117 526.431584
1005.432129 525.970674
993.000755 523.916820
985.639572 523.223104
996.092949 509.934003
1009.907341 504.640353
1023.756294 503.220059
1037.459679 505.138342
1045.868568 508.693181
1041.968651 521.088238
986.530380 517.459949
1050.675774 511.184320
831.871777 532.720796
826.001987 529.242464
895.543327 528.521776
847.761898 536.865098
861.458073 537.194463
874.271851 535.062139
885.925598 531.448495
892.668457 529.614733
881.343727 518.119547
867.525616 515.056808
853.858223 515.592327
840.804062 519.254315
833.251419 524.006975
838.362350 534.915015
890.992413 524.122106
829.044285 527.018183
935.647602 514.628406
936.339226 536.851612
936.995659 558.300927
937.583885 578.476460
938.316650 600.135276
939.515934 625.415525
888.013973 628.116424
897.463875 647.908101
922.138996 655.690477
942.959175 656.296742
964.244728 653.204262
990.174866 642.597778
998.447456 621.572714
946.174049 697.200193
948.135109 709.991369
948.191643 711.420515
949.921761 735.481088
926.262646 694.396169
907.101688 696.868737
895.286751 700.591815
881.044521 705.704577
889.348812 704.608948
907.994957 705.909283
919.545937 707.782345
933.014259 709.492543
930.460110 734.774272
931.866302 711.207633
905.369167 708.167939
898.565884 719.618354
898.077049 706.890714
888.470936 712.314591
917.351131 709.880648
912.868767 728.727715
885.753994 702.672544
897.997112 704.284315
966.251106 692.117558
987.434692 692.302437
1001.347618 694.284546
1018.429070 697.301130
1010.068359 697.037394
990.298691 700.647304
978.058548 704.184279
963.975105 707.593925
969.986572 732.393501
965.029221 709.299681
992.904739 702.685740
1001.308250 713.297246
1000.884132 700.367539
1011.388664 704.635148
980.174217 705.961554
987.370377 724.124787
1012.604599 694.997349
1000.876350 697.771118
