1071.759109 477.450124
1032.495232 467.605172
1055.482178 469.223446
963.431282 493.275586
1063.791275 455.413631
1001.845322 474.606478
1003.500824 459.781566
1080.471153 467.225146
1036.990471 452.212265
966.145706 470.355735
802.935677 519.154279
834.065037 502.871704
815.030823 509.177717
899.928532 505.429051
805.778503 498.097640
861.471519 500.167136
856.591988 486.499876
793.411160 510.287991
826.943722 489.040582
892.105064 484.622984
1046.374512 516.041329
1052.582588 511.240261
981.844025 523.247695
1029.287910 522.665988
1015.191536 524.830016
1002.462730 524.756759
990.790901 523.381205
984.341812 523.297327
994.806862 513.869641
1008.048363 509.719126
1021.152306 507.921671
1034.580345 508.307040
1043.420105 509.983120
1039.137268 519.549787
985.820389 519.511292
1048.698235 511.015856
832.387333 545.237710
826.001129 543.355572
892.985287 535.900791
849.197788 546.376340
862.869301 545.005517
874.612026 541.973162
885.027008 537.938100
890.737152 536.231797
879.564571 530.885231
866.509895 531.163065
854.067478 533.290948
841.765594 537.003243
834.021263 540.622036
839.510250 546.017911
888.512707 533.449080
829.345264 542.635045
933.485699 521.265907
935.050049 543.273175
936.493092 564.917829
937.694492 585.150526
938.922215 606.944783
940.662689 632.154672
885.966339 632.388282
895.275021 651.681840
921.473351 660.268621
943.411674 660.664322
966.089401 656.475956
993.381042 643.472350
1001.046753 621.913826
945.279636 697.276540
947.568111 710.045571
947.179585 712.568221
949.571457 737.542441
923.993626 694.924350
903.162975 697.043445
890.797462 700.149443
876.305695 705.128632
885.851555 704.629934
904.529228 705.720477
916.555252 707.742820
931.109962 709.704845
929.401588 737.228622
930.069180 712.623582
902.642498 709.147182
895.565186 721.507895
895.172424 707.490220
884.499550 712.866848
915.010529 711.207118
910.848198 731.263368
880.975399 702.064862
894.368477 704.048002
966.705093 691.724625
989.243088 691.202817
1003.201218 692.519696
1019.371376 695.095131
1010.971413 695.707898
991.882896 699.629567
979.649849 703.366098
964.850464 707.267168
970.606956 733.612726
964.811897 710.000381
993.189011 702.407455
1002.255592 712.802861
1001.195183 699.746854
1012.186546 703.270891
980.353775 706.178555
988.301811 724.477036
1014.130211 692.839501
1002.135773 696.590323
