1075.728607 480.443244
1038.052368 468.082144
1060.262489 471.144884
968.431091 487.403029
1068.830795 458.231496
1007.771988 472.272280
1010.127411 457.372888
1084.721489 470.754300
1043.144875 452.811931
972.503815 464.500912
802.841263 501.643596
835.453777 484.605668
815.510387 490.603913
903.526955 492.745861
806.100826 479.108019
864.088612 483.839500
859.693680 469.647857
793.350735 493.064024
828.566608 470.329245
896.424866 470.735214
1049.711723 515.960830
1055.436630 511.126320
983.488083 521.077616
1033.771820 522.863710
1019.983864 525.076597
1006.605721 524.701270
994.096298 522.699913
986.691284 521.923574
997.212982 508.435432
1011.079788 503.005632
1025.002098 501.461323
1038.721848 503.288777
1047.089539 506.824690
1043.180695 519.462143
987.608185 516.032864
1051.809082 509.338810
831.924362 531.625296
825.978012 528.098491
896.132469 527.384820
847.910786 535.840119
861.656055 536.235048
874.604015 534.098797
886.397438 530.452452
893.224812 528.558823
881.772480 516.842934
867.834492 513.737419
854.075718 514.284621
840.938988 517.977508
833.326035 522.763674
838.459454 533.862612
891.557693 522.938801
829.072323 525.831789
936.850948 512.996453
937.677898 535.324169
938.543072 556.799490
939.326019 576.988156
940.279999 598.686175
941.638870 624.016700
889.241180 626.895912
898.825779 646.625984
923.756046 654.227729
944.686604 654.719217
965.950127 651.456084
991.652298 640.666523
999.699211 619.695854
948.148670 695.531645
949.830494 708.014603
949.791698 709.367144
951.425686 732.999122
928.050041 692.912307
908.603210 695.488837
896.528206 699.175415
881.839714 704.140120
890.220623 702.953017
909.138908 704.208612
920.883179 706.022322
934.541245 707.623022
931.963978 732.462573
933.357010 709.297428
906.511974 706.489928
899.677792 717.852538
899.060211 705.236585
889.399395 710.671921
918.682709 708.088374
914.197540 726.711102
886.735954 701.223571
898.984852 702.617247
968.261147 690.345111
989.342079 690.289621
1003.157043 692.036769
1019.959030 694.645035
1011.563988 694.404731
992.022858 698.297174
979.835701 701.957037
965.755692 705.493691
971.382065 729.815297
966.606331 707.155352
994.409180 700.317328
1002.693329 710.741251
1002.347260 697.892718
1012.829247 702.020767
981.703491 703.691890
988.738861 721.537185
1014.273033 692.557161
1002.513771 695.278530
