1073.194542 479.930964
1034.434547 470.030104
1057.201767 471.884465
965.486069 494.114270
1065.466118 458.375530
1003.955498 476.325978
1005.731964 461.750060
1081.835747 469.777987
1039.035645 454.911779
968.315620 471.601288
803.232880 518.730125
834.770393 502.751133
815.466728 509.028243
901.711864 505.365064
806.049614 498.009996
862.703190 500.056640
857.754421 486.596242
793.754482 509.850801
827.566566 489.117122
893.870831 484.845232
1047.967873 517.117581
1054.184990 512.522603
983.840218 523.297713
1030.792351 523.393854
1016.679153 525.362445
1004.002190 525.070771
992.486229 523.476412
986.203995 523.303474
996.755905 514.553958
1009.941216 510.891262
1022.956924 509.379205
1036.331978 509.848484
1045.135689 511.436405
1040.666771 520.454228
987.838440 519.753013
1050.385551 512.389255
832.970810 544.394166
826.435146 542.485635
894.041061 534.959464
850.200806 545.605474
864.103947 544.168668
875.898399 541.026943
886.270351 536.924257
891.888657 535.216216
880.512657 530.355570
867.375755 530.818477
854.805622 533.013049
842.392902 536.605643
834.513588 540.069909
840.328045 545.222518
889.499588 532.642550
829.772358 541.924303
935.564861 521.341900
937.237358 542.971137
938.786888 564.492195
940.116463 584.697533
941.457596 606.448917
943.315029 631.496522
887.978497 630.936606
897.336445 650.169461
923.699226 658.864002
945.838337 659.376605
968.575172 655.144916
995.550270 642.195833
1003.069496 620.873172
947.681637 696.756213
949.688244 709.146152
949.250393 710.775497
951.528912 735.409505
926.312199 694.309394
905.461693 696.272836
892.965832 699.260001
878.318424 703.800359
887.542763 703.272500
906.467915 704.655104
918.580170 706.753664
933.210812 708.762939
931.167812 735.070131
932.070122 710.843153
904.499073 707.505412
897.438869 719.635606
896.941166 705.956469
886.422787 711.266985
916.964207 709.485140
912.676220 729.144273
883.072186 700.944836
896.201077 702.897656
968.994026 691.190071
991.164093 690.529926
1004.855576 691.743422
1020.695572 693.954442
1012.509155 694.458032
993.528442 698.687983
981.433525 702.472472
966.785660 706.407402
972.508965 731.594503
966.793442 708.279369
994.913750 700.883617
1003.904915 711.181948
1002.845421 698.315198
1013.662949 701.868010
982.213898 704.574251
990.116959 722.576165
1015.504189 691.869915
1003.723640 695.515938
