1074.135132 481.502566
1036.025276 469.281961
1058.349037 472.415060
966.687355 488.480408
1066.943893 459.683783
1005.746498 473.348501
1008.084297 458.704605
1083.243713 471.899400
1041.098328 454.302746
970.614853 465.866071
804.012737 504.622586
836.210175 487.529683
816.643753 493.707111
902.771816 494.550623
807.489281 482.503181
864.217358 486.269420
859.876499 472.414641
794.625492 496.171567
829.488602 473.613428
895.852375 472.969730
1048.090210 516.227367
1053.967896 511.658074
982.408562 520.999532
1031.836853 522.630132
1018.035278 524.652572
1004.927788 524.265110
992.656631 522.324296
985.471458 521.673034
995.894623 509.436239
1009.585533 504.554930
1023.315582 503.170363
1036.958313 504.866173
1045.400734 508.058914
1041.333046 519.493589
986.489639 516.378483
1050.277061 510.233660
832.249546 533.415445
826.308632 530.287528
895.009003 528.138564
848.262405 536.841602
861.821537 536.852481
874.336624 534.593890
885.692081 530.948092
892.239017 529.108247
881.166859 518.911657
867.613335 516.558341
854.258251 517.433106
841.380558 521.056212
833.788261 525.582376
838.855247 535.262114
890.550671 524.183325
829.443798 528.387752
935.418034 514.260514
936.175976 536.331124
936.961784 557.558577
937.672577 577.491231
938.471889 598.900280
939.792366 623.901858
887.787094 627.014551
897.392921 646.529939
922.293148 654.038730
943.282871 654.351003
964.723320 651.058517
990.724297 640.184047
998.911171 619.327705
946.813145 695.137489
948.727741 707.931819
948.590012 709.311848
950.371284 733.605838
926.754398 692.505341
907.457886 695.085540
895.660343 698.836877
881.347904 704.123061
889.848003 702.939370
908.508739 704.113984
920.012684 705.938187
933.535252 707.554464
930.829582 733.027511
932.255573 709.234729
905.853024 706.405020
898.789730 718.082607
898.542480 705.177298
888.755379 710.734749
917.796764 708.003209
913.121281 727.157271
886.140862 700.976379
898.530407 702.526288
966.993256 689.806824
988.208313 689.750690
1002.017097 691.507559
1018.817368 694.366171
1010.409737 694.179168
990.839767 698.069293
978.704338 701.763854
964.644012 705.339453
970.618515 730.261080
965.511246 706.986308
993.256760 700.041168
1001.850815 710.650420
1001.150780 697.630141
1011.782112 701.768167
980.597649 703.455577
988.011131 721.689620
1013.117180 692.082345
1001.271973 695.025222
