1067.494926 487.762327
1029.697495 473.795282
1051.703453 478.034341
960.927200 491.597575
1060.519524 465.366118
999.926262 476.636256
1002.184753 462.299645
1077.064018 478.076313
1035.063057 459.134617
964.455414 469.067470
797.740803 506.804638
827.901821 488.383495
809.363194 495.207002
894.644165 496.522851
800.320530 483.899657
855.375023 487.193881
851.014824 473.545804
788.812637 498.599428
821.094589 474.857694
887.665730 474.878325
1040.935020 524.685531
1047.433090 521.180420
977.041283 527.359521
1023.711548 529.441956
1009.845657 530.805731
997.359238 530.104001
985.896034 528.077087
979.532089 527.469471
990.469322 519.926401
1003.968430 517.444596
1016.819229 516.960801
1029.801521 518.225312
1038.367882 520.114499
1033.554382 527.092631
981.269417 524.226197
1043.601608 521.084665
826.870995 539.421287
820.673275 536.876460
887.863884 533.381424
843.404045 541.757383
857.054443 541.159036
869.079380 538.824742
879.685192 535.318537
885.514240 533.817197
874.850807 527.824970
861.896210 527.266921
849.215927 528.433843
836.690655 531.233490
828.756466 534.449823
833.900585 540.789664
883.560963 530.836437
824.025478 536.217345
929.166012 519.147166
930.053558 542.181666
930.787125 563.651998
931.437664 583.433955
932.107601 604.914587
933.592930 630.033581
880.411949 630.286052
889.715309 649.830859
916.062412 658.715751
938.171024 659.335792
960.741234 655.341575
987.980690 642.559991
995.819435 621.865611
942.204437 695.805938
944.245548 707.710247
944.090595 710.640507
945.857906 734.785151
920.730343 693.368840
900.039883 695.072536
887.941532 697.508025
873.891563 701.300561
882.950821 701.168211
901.412315 702.966020
913.128490 705.224419
927.569847 707.272446
925.162926 733.879809
926.735115 710.483952
899.541836 706.325133
892.313175 717.503057
892.146034 704.409199
881.898937 708.920653
911.710567 708.704617
906.939697 727.470961
878.433666 698.680000
891.462822 700.903251
963.795433 690.381482
986.623421 689.008212
1001.132355 689.276712
1018.704300 690.388176
1009.726067 691.424518
989.754982 695.971699
977.034073 700.331876
961.846848 704.674609
967.160110 731.056151
962.208710 707.998445
991.598053 699.249444
1000.350494 709.679675
999.882660 696.058731
1010.961227 699.258649
978.295097 703.698649
985.582352 721.854994
1012.892418 688.631952
1000.673790 692.374341
