1069.229279 494.181604
1033.980331 482.089874
1054.873009 485.772557
966.064224 496.811081
1062.620659 474.110838
1005.076447 484.035065
1007.690163 470.741426
1077.763367 484.697077
1039.159012 468.461848
970.168190 476.034819
797.218552 504.072132
829.071236 486.982191
809.519119 493.022472
898.052387 498.182999
800.784416 481.840782
857.917156 487.272738
854.087963 474.245217
788.683033 495.995475
822.770691 474.024224
891.883850 477.385011
1043.857498 526.606711
1050.657806 523.413745
980.980797 527.989862
1026.160011 530.610037
1012.090988 531.437166
999.863091 530.424095
988.859825 528.294121
983.019333 527.761112
994.378281 521.830362
1007.779427 520.063419
1020.713882 519.938858
1033.728218 521.183928
1042.126236 522.869278
1036.215706 528.750397
985.319366 525.388741
1047.137375 523.675808
825.942650 537.411432
819.272575 534.482557
888.408909 532.498806
843.400040 539.972030
857.473640 539.341432
869.697361 537.052166
880.539608 533.866603
886.246204 532.594432
875.238304 527.119056
861.902561 526.307505
848.731441 527.160834
835.740681 529.631310
827.495213 532.570807
833.437386 539.024491
884.063072 530.122122
822.636623 534.151647
932.990742 521.483713
933.610325 543.975677
934.269047 565.000162
934.954491 584.473000
935.678329 605.687642
937.091389 630.295064
879.854908 629.063609
889.605217 648.601720
917.335339 657.433569
940.892773 657.886820
964.614143 653.551104
992.362175 640.390556
999.858627 620.113828
944.818611 695.289924
946.079693 707.202988
946.339874 708.293467
947.809753 732.393179
922.663593 692.995605
901.025562 694.770691
888.685970 696.834040
874.049835 700.039945
883.380661 699.713831
902.340832 702.297184
914.198742 704.837086
928.952351 706.825504
926.364040 731.586392
928.562622 708.327584
900.737400 704.448338
892.718697 715.602765
892.974472 702.583580
882.106419 707.232664
913.169804 706.609018
907.693520 725.327790
878.793297 697.759981
892.291489 699.936626
966.826057 689.346750
989.726143 687.218707
1003.588829 686.902184
1020.800743 687.401977
1011.285667 688.509965
991.256104 694.225194
978.749313 699.052978
963.570099 703.781626
969.341011 728.448980
964.432411 705.427773
993.393059 696.329484
1002.798729 706.780443
1001.455078 693.068347
1013.166504 696.106560
980.309944 700.869648
987.930222 719.126093
1014.941826 685.881937
1002.014923 690.099850
