1068.081093 484.638530
1029.790535 472.218239
1052.170944 475.411785
960.698433 491.798515
1060.653076 462.707995
999.633408 476.309466
1001.749763 461.762516
1077.307091 474.886919
1034.763794 457.278936
964.289131 469.160714
797.629223 507.004870
828.622112 489.539151
809.484501 495.808632
895.795383 497.616484
800.493507 484.528581
856.634045 488.740057
852.157173 474.913087
788.688126 498.610951
821.851215 475.756116
888.534851 476.012546
1042.471733 520.034162
1048.592262 515.576298
977.268677 524.972119
1025.842209 526.332257
1011.962585 528.276000
998.999519 527.812675
987.003708 525.926546
980.092278 525.402067
990.737114 513.671726
1004.270096 508.973783
1017.798271 507.604923
1031.364784 509.207361
1039.920731 512.256711
1035.513153 523.245699
981.400452 520.491500
1044.929008 514.276446
826.352921 537.322758
820.195656 534.070280
888.997364 532.072173
842.746296 540.872769
856.542606 540.615921
869.020443 538.258291
880.132198 534.562894
886.448135 532.898498
874.969025 523.080454
861.408520 520.735699
847.974186 521.546509
835.084190 525.104696
827.472839 529.543730
833.175201 539.303774
884.392548 528.258619
823.214149 532.291331
929.485531 518.131810
930.385036 540.840518
931.156082 562.528882
931.851311 582.676928
932.593231 604.495261
934.059906 629.866147
882.221432 630.994027
891.645813 650.814414
917.069378 659.231508
938.453007 659.743659
960.371590 656.052125
987.031403 644.072242
995.073051 622.887855
942.327633 698.781066
944.564438 711.124012
944.213676 712.537966
946.286488 736.947570
921.672192 696.176984
901.839523 698.039553
889.880161 700.867782
875.565147 704.860067
884.295673 704.327509
903.074913 706.344059
914.755898 708.619130
928.691826 710.628533
926.239986 736.189320
927.448940 712.456405
900.645618 708.806326
893.778534 720.236914
893.268185 707.112994
883.360863 712.070360
912.731895 710.913963
908.344574 729.910119
880.287266 702.246394
892.961025 704.288886
963.135338 693.439522
985.153999 692.643871
999.427528 693.462632
1016.841431 694.995224
1008.109360 695.512526
988.321953 700.162382
975.912209 704.313025
961.300735 708.299453
967.020378 733.355362
961.693726 710.069454
990.455933 702.223155
999.170609 712.784450
998.629875 699.445975
1009.474525 703.122962
977.407494 706.159759
984.898567 724.457853
1011.020622 693.168898
999.009705 696.650383
