1069.371529 484.889327
1031.587257 472.396295
1053.776894 475.570303
962.307472 492.029099
1062.098236 463.022425
1001.491928 476.464766
1003.676033 462.081227
1078.378487 475.237173
1036.557884 457.613418
966.022911 469.512770
798.450050 507.243340
829.316196 489.869739
810.237408 496.067315
896.693230 497.954185
801.393642 484.856658
857.358055 489.071610
852.984009 475.342970
789.668255 498.809059
822.647667 476.163501
889.536667 476.456816
1043.884850 520.264714
1050.100937 515.631080
978.532677 525.367981
1027.089157 526.710963
1013.117180 528.617306
1000.119781 528.144743
988.135872 526.273098
981.283951 525.789850
992.083740 513.650225
1005.672455 508.669299
1019.340134 507.166704
1033.060799 508.817775
1041.615486 512.032692
1036.853371 523.602519
982.715836 520.784236
1046.551895 514.208050
827.065945 537.686627
820.821648 534.343414
890.031681 532.626200
843.609753 541.303167
857.500134 541.017802
870.041714 538.655087
881.213036 535.011510
887.530746 533.402249
875.814571 523.231248
862.107010 520.644933
848.492146 521.424104
835.505962 525.101702
827.910519 529.676499
833.942242 539.722037
885.354309 528.694457
823.743610 532.514126
930.622044 518.742260
931.447563 541.700864
932.133121 563.561103
932.739830 583.835900
933.356609 605.809500
934.656773 631.264844
881.838799 631.675608
891.090946 651.716602
916.872368 660.455883
938.721371 661.038780
961.187553 657.403121
988.451729 645.307174
996.512375 623.899605
942.058640 700.532591
944.213676 712.925105
943.630772 713.545597
945.624447 738.086457
921.012897 697.690265
900.627651 699.142263
888.343105 701.526833
873.303280 704.939761
882.196198 704.622595
901.609325 707.252684
913.612003 709.889274
927.916546 712.208247
925.199490 737.270401
926.464920 713.377519
898.978100 709.406219
892.045212 720.901244
891.423569 707.556267
881.289482 712.420421
911.393280 711.668222
906.946507 730.827820
878.318539 702.568259
891.150570 704.874358
963.361473 695.153196
985.802994 694.244764
1000.179405 694.854569
1017.992134 695.950520
1009.184074 696.570432
988.945084 701.643798
976.316872 705.972047
961.363220 710.058703
966.833382 734.510536
961.536369 711.096654
990.985909 703.263681
999.747849 713.868620
999.376373 700.480127
1010.364532 704.154153
977.599525 707.195585
985.082016 725.588758
1012.009277 694.306498
999.852333 697.945375
