1070.278702 485.740596
1032.367630 473.230891
1054.659691 476.422763
962.935410 492.717215
1063.027267 463.858212
1002.159691 477.270427
1004.456177 462.776037
1079.357872 476.042962
1037.378998 458.341509
966.835442 470.052699
798.668346 507.249616
830.182400 490.040359
810.785866 496.134810
897.741051 498.392243
801.827087 484.904745
858.437920 489.358714
854.076233 475.523053
789.622993 498.711952
823.476048 476.219988
890.601082 476.771021
1044.583397 520.593467
1050.787010 515.756704
978.746338 525.939903
1027.818718 527.373168
1013.795815 529.357499
1000.666466 528.871901
988.512154 526.991887
981.531601 526.485947
992.379112 513.148727
1006.088448 507.566203
1019.984436 505.933768
1033.881683 507.820702
1042.388992 511.462927
1037.574234 524.105852
982.942772 520.980992
1047.266808 513.999546
827.075043 536.983030
820.835209 533.428094
890.608521 532.679050
843.622856 540.984328
857.606506 540.901415
870.312366 538.627535
881.666222 535.078200
888.112907 533.506951
876.116867 522.161272
862.226086 518.921635
848.424225 519.482067
835.315075 523.300062
827.780399 528.204868
833.928795 539.207890
885.873699 528.372785
823.698349 531.313634
931.334095 519.091548
932.146969 542.089741
932.857533 564.137499
933.482494 584.609020
934.142990 606.786811
935.471363 632.433665
882.417297 632.223358
891.672649 652.390265
917.563419 661.342299
939.444237 662.066174
961.661224 658.411267
988.675003 646.215155
996.616516 624.791493
942.558861 700.838878
944.536972 712.846055
943.962193 713.793240
945.782547 737.766008
921.612167 697.967391
901.249695 699.371109
888.913822 701.675148
873.775063 704.973364
882.539062 704.816229
901.945667 707.273669
913.967800 709.848204
928.281784 712.143681
925.648041 736.937206
926.924286 713.592653
899.427624 709.571464
892.618732 720.754795
891.813812 707.742112
881.832447 712.396538
911.847439 711.853681
907.505379 730.570843
878.828545 702.702670
891.443310 705.013597
963.769341 695.580826
986.051102 694.640787
1000.285149 695.185704
1017.843018 696.073666
1009.066429 696.826830
989.035950 701.699996
976.491280 705.984600
961.630554 710.034177
966.756706 734.283621
961.781502 711.375968
990.984306 703.508749
999.453506 713.845189
999.341125 700.730281
1010.118370 704.231465
977.721176 707.478440
984.838715 725.462008
1012.000351 694.581821
999.849014 698.132315
