1069.252625 497.281455
1034.896660 484.744327
1055.293236 488.744370
967.739182 497.955569
1062.986412 477.443526
1006.392860 486.010770
1009.169312 472.822284
1077.727890 487.914923
1040.104294 471.265390
972.137489 477.334317
799.173031 502.223146
831.448116 485.356997
811.749229 491.201005
900.414104 497.891357
802.917938 479.987258
860.411282 486.106170
856.683483 473.060592
790.452518 494.018354
825.196495 472.391757
894.436626 476.935977
1044.014053 527.831891
1050.834846 524.672399
981.753616 528.839135
1026.438789 531.726619
1012.498741 532.415282
1000.368805 531.303109
989.445648 529.154016
983.653221 528.649396
995.318069 521.677283
1008.697586 519.388919
1021.661568 519.291072
1034.606209 521.007578
1042.751083 523.306371
1036.443558 529.940912
986.165428 525.904949
1047.555771 524.557750
827.822399 535.514907
820.999947 532.342991
890.310974 532.044171
845.385532 538.461581
859.397106 538.059379
871.617680 536.051971
882.559605 533.160206
888.277473 532.120035
876.884193 525.170935
863.423309 523.414550
850.166759 523.871244
837.118778 526.448450
829.026089 529.790826
835.386887 537.313778
885.911579 529.199528
824.277935 531.714774
934.958496 521.969537
935.636616 544.730065
936.318283 566.121733
937.065525 585.931435
937.835655 607.566497
939.247513 632.708859
881.439171 628.866434
890.947666 648.668797
918.873253 658.562865
942.428513 659.655211
965.956879 655.176780
993.312607 641.496420
1000.515862 621.254582
945.813503 694.713335
946.670036 705.598941
946.910191 707.158120
948.163891 730.327771
923.489742 692.193196
901.594391 693.182738
888.891277 694.417605
873.678818 696.557171
882.921410 696.720035
902.083626 699.750652
914.144554 702.613385
929.160118 704.978771
926.827869 729.246819
929.006767 706.952190
900.724525 702.283537
893.065281 712.925684
892.736549 700.111141
882.099380 704.129434
913.379917 704.883435
908.188877 722.862110
878.675995 694.699752
891.803627 697.147729
967.983971 689.009242
990.770645 686.588044
1004.501839 685.765164
1021.579514 685.552475
1011.991081 686.952975
992.131805 692.612071
979.658089 697.512918
964.399109 702.248390
969.415398 726.676469
965.000381 704.457929
994.006577 695.198836
1002.941322 705.439875
1002.128563 691.815712
1013.557892 694.557810
980.930557 699.901478
987.960320 717.693279
1015.813522 684.351404
1002.908936 688.493357
