1068.714523 490.292766
1033.549347 476.707839
1054.324379 481.068499
965.584488 490.995237
1062.286148 469.469093
1004.650269 478.125043
1007.347069 464.613630
1077.454720 480.921407
1038.878174 462.936873
969.860687 469.669036
797.680378 498.919040
829.217834 480.769036
809.946499 487.208333
897.965355 492.236252
801.037159 475.985831
857.851753 480.875283
853.986855 467.598059
788.901501 490.747079
822.800274 467.650652
891.728783 470.863219
1043.105164 522.860556
1049.853973 519.501282
979.802055 524.640727
1025.590553 527.204962
1011.604843 528.157779
999.229774 527.237470
988.028069 525.143706
981.931000 524.623636
993.542862 516.678364
1007.062225 513.944925
1020.169144 513.577452
1033.300209 515.327786
1041.556549 517.754359
1035.583878 525.161537
984.247055 521.423525
1046.469040 519.152831
826.686459 532.957978
820.074406 529.805535
889.329014 528.908561
843.892937 536.004270
857.816105 535.618483
870.170746 533.522497
881.241474 530.417401
887.144852 529.211404
875.700130 521.644131
862.132072 519.821119
848.855152 520.392784
835.893574 523.248049
827.930145 526.839870
834.051418 534.783404
884.870682 525.859534
823.303013 528.942711
932.810955 516.846313
933.563232 540.244231
934.238148 562.032051
934.951916 582.188079
935.676098 604.178481
937.116795 629.818189
880.495148 627.101326
889.996033 647.171931
917.580986 656.870885
940.860672 657.789423
964.218750 653.325992
991.661224 639.617951
998.921471 618.936961
944.588070 693.190527
945.806408 704.348238
945.821114 706.127315
947.242813 729.688225
922.348938 690.714612
900.666504 691.796401
888.087959 693.173018
873.092365 695.475125
882.238369 695.642045
901.374607 698.580415
913.389587 701.399889
928.364410 703.763924
926.004524 728.636820
927.950306 705.952477
899.777985 701.316075
892.375374 712.125914
891.927624 699.126363
881.474075 703.241086
912.395954 703.913269
907.418575 722.191730
878.025055 693.529966
891.084652 695.981162
966.875381 687.453926
989.924240 685.148149
1004.036179 684.387195
1021.587181 684.102151
1012.016830 685.530138
991.823730 691.237643
979.135094 696.176984
963.739243 700.957711
968.673248 725.937660
964.119987 703.376012
993.685112 693.953283
1002.556801 704.286954
1001.979446 690.507073
1013.395500 693.299189
980.312347 698.732014
987.405396 716.736052
1015.696449 682.906101
1002.830772 687.072966
