1071.955032 487.841828
1035.251198 473.971921
1056.842651 478.255785
965.886726 489.464221
1065.328789 466.074253
1005.619354 476.010357
1008.281136 461.898408
1081.314468 478.315233
1040.748940 459.570937
970.164185 467.381412
797.251453 497.532542
828.821869 479.600215
809.389172 485.798081
897.672215 491.178603
800.544033 474.261664
857.463856 479.922820
853.567829 466.176671
788.586273 489.282271
822.353325 465.970194
891.294594 469.340765
1045.484276 522.991394
1052.001114 519.444666
980.769310 524.598112
1028.131485 527.686987
1014.076881 528.808140
1001.377945 527.839969
989.824333 525.534804
983.348694 524.819298
994.582787 516.742995
1008.340530 514.196012
1021.557655 513.861980
1034.777298 515.521227
1043.215370 517.765431
1038.089561 525.425466
985.142097 521.337812
1048.298950 519.072912
826.546383 532.184730
820.312500 528.906952
889.579525 528.293123
843.258705 535.650702
857.237492 535.594633
869.767799 533.514129
880.911198 530.250417
887.050037 528.806401
876.308327 521.135713
862.857342 519.438872
849.567375 519.937956
836.569347 522.616872
828.408165 526.022526
833.569107 534.143085
885.238953 525.223303
823.664932 527.971258
932.551575 515.336380
932.967510 538.570082
933.352489 559.972115
933.727055 579.782653
934.180698 601.306930
935.338268 626.468925
880.973625 627.066243
890.575733 646.962719
917.182446 655.409875
939.673862 655.937412
962.434273 652.327566
989.942436 640.416884
998.084679 619.802649
943.712997 693.716712
945.442715 706.629617
945.796967 708.257675
947.330475 733.036780
922.495937 691.173849
901.973763 693.489604
890.287457 696.462865
876.661892 700.851367
885.638695 700.334322
903.927498 702.228241
915.225048 704.326866
929.258251 706.162333
926.586857 732.090948
928.699379 708.145730
902.003345 704.515285
894.225082 715.914266
894.742241 702.930036
884.228382 707.907357
913.892097 706.472225
908.547707 725.605044
881.064892 698.114998
894.277954 700.241368
965.085869 688.367443
987.660255 687.565355
1001.681557 688.514278
1018.889809 690.536363
1009.547310 691.186852
989.577255 695.593958
977.175522 699.691558
962.339058 703.735406
968.364716 729.574413
963.457947 705.838730
992.032127 697.917373
1001.229401 708.814952
999.991150 695.143797
1011.494179 698.851104
979.109230 701.840522
986.623192 720.687268
1013.119354 688.466642
1000.303345 692.163649
