1078.333511 485.839441
1041.794930 474.344866
1063.334885 477.209208
974.319763 491.813740
1071.252022 464.671308
1012.523804 477.877529
1014.991264 463.356328
1087.032394 475.987537
1046.660271 459.466267
978.604088 469.388369
810.218811 501.760561
843.772030 485.412937
823.459396 490.959767
911.000519 495.104649
814.362087 479.478647
872.405548 485.326227
868.312855 471.332499
800.706367 493.215913
837.269382 471.262590
904.449520 473.314737
1053.352089 517.896205
1059.261932 513.378571
988.467751 523.264883
1037.120590 524.378664
1023.495369 526.378605
1010.533905 526.079335
998.307495 524.317575
991.335068 523.825700
1002.031059 510.120524
1015.664291 504.367282
1029.482574 502.803276
1043.180580 504.937305
1051.376610 508.798785
1046.651917 521.222906
992.610512 518.142110
1055.955505 511.546193
837.760963 530.671738
831.575146 527.009461
901.677933 528.147351
854.190903 534.938865
867.921238 535.337495
880.720768 533.441162
892.382011 530.363327
899.003334 528.976507
887.333050 516.539415
873.476601 512.506671
859.673481 512.680446
846.398449 516.380414
838.744869 521.422012
844.547710 532.989553
897.071056 523.508019
834.537907 524.724122
943.251400 516.089995
944.039955 538.683475
945.084057 560.341423
946.048622 580.530474
947.245045 602.138629
948.811512 627.470634
894.476738 627.976670
904.334965 647.810640
930.475101 656.366200
951.789036 656.981993
973.036079 653.165381
998.919868 640.937340
1006.618195 620.161142
955.845165 696.866033
957.067451 708.315160
957.189732 709.794002
958.861885 733.452694
934.780254 694.244699
913.956070 695.765190
900.813618 698.026614
884.289665 701.068497
892.804070 700.722106
913.103428 703.145428
925.736732 705.792511
940.425510 707.864549
938.314247 732.932947
939.651947 709.836810
910.838928 705.862484
904.164619 716.859455
902.595749 703.889644
892.843494 708.564284
924.006557 708.204567
919.706612 726.719663
889.859276 698.840740
902.044888 700.783453
976.484070 691.044652
997.931671 689.091253
1011.971397 688.855777
1029.380608 688.765140
1020.562134 689.623425
1000.712929 695.351529
988.383293 700.346103
973.894844 705.029562
979.464684 729.732127
974.745483 706.937385
1003.151207 697.831886
1011.410294 708.184934
1011.203156 694.338684
1021.836548 697.649002
990.216179 702.441187
997.165604 720.526721
1023.441925 687.686892
1011.434212 691.200950
