1079.161949 486.541686
1043.007774 475.248470
1064.394836 478.125139
975.663757 492.315527
1072.290802 465.571146
1013.866539 478.599697
1016.458511 464.159800
1087.814369 476.589875
1047.964325 460.423236
980.093536 470.030233
811.462154 501.689236
845.283451 485.628684
824.874630 491.104735
912.556686 495.379393
815.721703 479.622713
874.009438 485.584524
869.944153 471.657808
801.838589 493.037664
838.775196 471.525328
906.132717 473.735286
1053.949013 518.212405
1059.983940 513.749650
989.439926 523.163012
1037.531776 524.521025
1023.845329 526.396533
1011.000481 525.966071
998.933945 524.123876
992.145081 523.641561
1003.007240 510.516483
1016.606941 505.088550
1030.353928 503.644502
1043.977890 505.763083
1052.151833 509.489830
1047.128334 521.466880
993.647690 518.223317
1056.723862 512.092398
838.986740 530.142367
832.667141 526.505291
902.681522 527.691911
855.616894 534.319822
869.384480 534.643682
882.105732 532.727137
893.627529 529.674021
900.101280 528.374265
888.433113 516.441665
874.597378 512.606256
860.869961 512.837774
847.657127 516.450001
839.953022 521.296710
845.906754 532.429090
898.090611 523.203632
835.700912 524.438499
944.564152 516.492294
945.372162 539.197816
946.455574 561.111968
947.439194 581.574476
948.629723 603.490398
950.158081 629.038954
895.255280 628.212404
905.003242 648.324401
931.300392 657.228992
952.886868 657.949970
974.304886 654.021864
1000.174141 641.548498
1007.669907 620.629134
957.014065 697.500622
958.127575 708.749678
958.199558 709.789946
959.777412 733.239491
935.942860 694.824057
915.093842 696.166427
902.062683 698.232286
885.716114 700.971873
894.121685 700.704081
914.319534 703.333139
926.861229 706.065259
941.552238 708.231797
939.363499 732.704229
940.793495 709.817305
912.152309 705.788519
905.486069 716.656551
903.936024 703.808148
894.230804 708.390412
925.235538 708.141611
920.899029 726.470475
891.234627 698.880715
903.354836 700.878983
977.703667 691.713488
999.164658 689.710908
1013.080788 689.371083
1030.290184 689.099944
1021.506958 689.994020
1001.777573 695.813920
989.488678 700.805984
974.997940 705.505407
980.306969 729.602931
975.727615 707.008259
1004.063644 698.028996
1012.236671 708.263726
1012.097054 694.611368
1022.699661 697.849073
991.179657 702.560084
998.001137 720.460546
1024.477844 688.109436
1012.457428 691.662762
