1072.317467 487.192690
1034.088821 474.053804
1056.437187 477.901218
964.931602 490.841675
1065.220757 465.408314
1003.998070 476.953840
1006.522636 462.508246
1082.070351 477.581670
1039.500275 459.281033
969.020462 468.462299
801.467457 501.303577
832.925434 484.383935
813.607464 490.303388
899.964695 494.172399
804.843006 478.818662
861.038990 484.270123
856.915054 470.355960
792.780190 492.804891
826.457348 470.498482
893.290787 472.470549
1045.566788 521.316891
1051.979713 517.592976
980.950584 523.858788
1028.469658 526.377865
1014.571724 527.744987
1001.890182 526.906368
990.266762 524.767606
983.649330 524.152651
994.587936 514.990472
1008.188896 511.823899
1021.372147 511.200414
1034.621773 512.867321
1043.087883 515.346197
1038.302307 523.948138
985.182495 520.216434
1048.185883 516.905408
830.172729 532.361305
824.191074 529.347006
892.180424 528.352025
846.283207 535.743302
860.037575 535.717167
872.425060 533.659000
883.464890 530.343082
889.643040 528.926361
878.986759 520.686486
865.755329 518.893150
852.623405 519.527128
839.842701 522.428902
831.953716 526.052331
836.871815 534.205817
887.835445 525.039260
827.436848 528.158133
933.069248 515.733658
933.242912 538.143804
933.422756 559.524143
933.554993 579.390428
933.755779 600.874987
934.626904 625.945766
882.312126 626.672602
891.431007 646.527493
917.228622 655.082409
939.198875 655.720603
961.656647 652.468157
989.217682 640.959291
997.663651 620.232596
942.732067 694.630294
944.792519 707.451146
944.903641 709.715016
946.412086 734.468114
921.900730 691.827364
901.795177 693.824601
890.016861 696.838610
876.242523 701.352124
885.131664 700.899003
903.477116 702.687285
914.860554 704.841335
928.794765 706.836061
926.004639 733.429906
927.979546 709.412591
901.343937 705.449016
893.868942 716.855335
894.135990 703.702319
883.823833 708.643913
913.263531 707.639694
908.128052 726.757708
880.703201 698.518488
893.672676 700.709617
963.913765 689.590852
986.518478 689.169531
1000.968819 690.430791
1018.711281 692.804611
1009.669304 693.243570
989.412460 697.173800
976.745682 701.046867
961.791115 704.844232
967.478256 731.197901
962.618523 707.472389
991.685486 699.894269
1000.612907 710.772021
999.941597 697.148244
1011.204414 701.046224
978.486671 703.721888
985.807800 722.466216
1012.804642 690.583742
1000.366974 693.965192
