1067.593803 495.187948
1033.519363 481.611904
1053.743134 486.081322
966.765747 494.238156
1061.451759 474.770372
1005.287132 482.380646
1008.115540 469.023374
1076.164970 485.839248
1038.818665 468.015583
971.276665 473.170477
798.532677 498.507278
830.621796 480.688183
811.069679 486.873239
899.415493 493.598835
802.262363 475.543653
859.432755 481.357083
855.816536 468.088421
789.850616 490.289032
824.401016 467.563426
893.530369 472.141668
1042.315292 526.418291
1049.035034 523.183773
979.955521 527.586919
1024.989395 530.491108
1011.180267 531.280546
998.988419 530.261006
987.956314 528.142555
981.984558 527.583604
993.571815 519.465652
1006.987267 516.693395
1020.015335 516.463584
1032.998772 518.435715
1041.047859 521.119169
1034.886131 528.596191
984.359779 524.338303
1045.795555 522.720255
827.130375 533.223935
820.439816 529.811393
889.872894 530.355345
844.343376 536.585816
858.252296 536.421407
870.622787 534.549891
881.763954 531.714839
887.703152 530.641193
876.282806 522.339295
862.714634 519.911724
849.353428 520.143242
836.277523 522.890682
828.271294 526.595446
834.499855 535.210841
885.434761 527.116127
823.651485 528.811970
934.031639 519.110988
934.716568 542.556059
935.380268 564.289420
936.110973 584.330027
936.923561 606.215050
938.344917 631.761353
880.709667 628.290102
890.223885 648.331418
918.220253 658.253038
941.700840 659.307017
965.015717 654.843328
992.165337 641.053662
999.214554 620.685976
945.272999 693.936288
946.076374 704.843910
946.275330 707.039866
947.389011 730.246403
922.818260 691.440353
900.696602 692.460537
887.820225 693.615003
872.299347 695.652924
881.520653 695.948138
900.855389 698.955002
913.021717 701.839685
928.225708 704.231207
925.912228 729.163392
928.133183 706.813982
899.470024 701.962895
891.941471 712.572920
891.410007 699.647076
880.850430 703.591340
912.294960 704.669459
907.179737 722.663648
877.406330 693.826210
890.432167 696.301546
967.599335 688.220415
990.585136 685.681221
1004.572449 684.668634
1022.128944 684.196007
1012.378464 685.758276
992.215919 691.506336
979.544449 696.551893
964.117355 701.422420
968.755760 726.656063
964.589424 704.310579
994.081879 694.644456
1002.866249 705.037093
1002.360535 691.026564
1013.828659 693.743105
980.750313 699.593389
987.533913 717.571421
1016.227684 683.066518
1003.255692 687.245293
