1067.639694 494.446628
1033.620987 480.607492
1053.774948 485.209422
966.907310 493.243142
1061.556931 473.801397
1005.439911 481.319361
1008.250694 467.969298
1076.288795 485.030948
1038.953362 467.010108
971.337090 472.145755
798.360615 496.676670
830.301762 478.944737
810.802402 485.069507
899.080296 492.353700
802.052364 473.628298
859.016418 479.768744
855.422859 466.504008
789.731255 488.374772
824.101753 465.808779
893.212967 470.799812
1042.317009 526.681995
1049.105301 523.456199
980.131187 527.182045
1024.875412 530.583515
1011.050949 531.228147
998.942986 530.068080
988.019600 527.775693
982.139626 527.139688
993.668175 519.687706
1007.076416 517.297568
1019.995537 517.249900
1032.905388 519.200821
1041.005516 521.740530
1034.814148 528.798258
984.528351 524.162596
1045.801048 523.175404
827.009754 532.324451
820.265350 528.858447
889.654427 529.396702
844.399223 535.708863
858.370228 535.515969
870.686760 533.602288
881.714687 530.726649
887.535267 529.609519
876.250820 521.855017
862.749481 519.658931
849.410076 519.917808
836.323185 522.524432
828.221970 526.018503
834.461231 534.353296
885.257092 526.341977
823.528404 528.066981
933.972130 518.438194
934.574203 542.156174
935.134563 563.915927
935.765190 583.937352
936.470432 605.773258
937.791595 631.187789
880.834694 627.732761
890.297813 647.856925
917.932606 657.768180
941.195583 658.849583
964.401054 654.691215
991.480637 641.313665
998.724747 620.890424
944.735069 694.451787
945.616722 705.749059
945.927315 707.492537
947.133751 731.272831
922.537766 691.767883
900.727444 692.758262
888.130989 693.968668
872.942562 696.098256
882.047882 696.324978
901.214390 699.565966
913.195782 702.536716
928.115215 704.997311
925.727749 730.033972
927.983952 707.177496
899.781876 702.247295
892.127266 713.062284
891.862049 699.952848
881.267452 703.997211
912.378273 704.970918
907.162056 723.325725
877.911758 694.191914
890.955906 696.825414
966.788864 688.814256
989.546013 686.551223
1003.388901 685.770378
1020.832787 685.646396
1011.118584 687.043676
991.087418 692.750280
978.576736 697.698119
963.336639 702.436810
968.447113 727.716737
964.072151 704.869788
993.163948 695.537117
1002.125702 706.184027
1001.276093 692.071402
1012.823067 695.009580
980.021095 700.290420
987.046165 718.645678
1014.901657 684.383397
1001.976929 688.558953
