1077.856064 485.616646
1041.348724 474.242964
1062.853546 477.089056
973.940964 491.684028
1070.689201 464.641149
1012.132530 477.741154
1014.580650 463.378022
1086.557236 475.768830
1046.192780 459.515287
978.176651 469.436907
810.281525 501.939003
843.567295 485.664765
823.392334 491.228009
910.651588 495.108737
814.354191 479.844189
872.109547 485.470487
867.976799 471.624559
800.802498 493.388786
837.064190 471.658194
904.089088 473.537532
1053.090019 517.438449
1059.069328 512.873436
988.222389 522.871242
1036.701965 523.947430
1023.026962 525.921654
1010.072365 525.589167
997.902145 523.823640
991.002274 523.371195
1001.802177 509.825599
1015.447426 504.081531
1029.297409 502.534615
1043.017502 504.638615
1051.209068 508.438715
1046.292000 520.789837
992.387238 517.819601
1055.787621 511.121138
837.828827 530.491945
831.584930 526.859375
901.593189 527.857962
854.343910 534.687488
868.100224 535.007068
880.855865 533.071468
892.455883 529.939206
898.976784 528.603272
887.244987 516.408577
873.378124 512.449862
859.559155 512.701657
846.304379 516.429466
838.666878 521.420081
844.684925 532.786649
896.956959 523.302251
834.519138 524.685209
942.899494 516.205899
943.717117 539.007304
944.774323 560.772722
945.735683 580.999174
946.914425 602.671638
948.454399 628.006797
894.154816 627.723813
903.932705 647.606256
930.040970 656.390791
951.426373 657.054219
972.819328 653.150897
998.836670 640.671930
1006.489677 619.836380
955.356388 696.743402
956.575241 708.008037
956.899853 709.926674
958.569317 733.462157
934.284267 694.162753
913.492355 695.489802
900.475559 697.508218
884.139404 700.315397
892.777920 700.080435
912.883759 702.640743
925.373955 705.375051
940.006027 707.523050
937.996845 732.851193
939.365673 709.934013
910.731697 705.582526
903.956566 716.389081
902.573376 703.421974
892.653179 707.898281
923.795757 708.147790
919.435158 726.463587
889.613056 698.157549
901.969986 700.174549
976.001816 690.956333
997.424469 688.859317
1011.321831 688.439476
1028.660431 688.198464
1019.846077 689.191611
1000.024223 694.965870
987.787743 699.993467
973.359947 704.718769
979.177780 729.642713
974.413261 707.041218
1002.602348 697.654281
1010.938454 707.792838
1010.572014 694.025767
1021.238708 697.124426
989.782677 702.428634
996.818962 720.303540
1022.735481 687.146544
1010.691833 690.795207
