1076.584625 485.666438
1039.489517 474.559872
1061.374397 477.293472
971.267738 492.489914
1069.427490 464.833013
1009.817848 478.289548
1012.301102 464.010261
1085.438004 475.825639
1044.443665 459.904261
975.503197 470.373631
807.864990 503.720076
840.804462 487.838513
820.840416 493.302172
907.496624 496.629099
812.134380 481.973552
869.063530 487.419348
865.074978 473.732196
798.719330 495.080606
834.491615 473.947363
901.044788 475.272288
1051.045761 517.533592
1057.302589 513.128546
986.207657 522.642943
1034.250069 523.670787
1020.440598 525.456526
1007.628365 525.078142
995.650978 523.392920
988.881912 523.031112
999.823608 510.658071
1013.466911 505.463169
1027.185287 504.036148
1040.890732 505.907986
1049.189987 509.328157
1044.015884 520.735924
990.418053 517.998816
1053.894310 511.705613
835.051632 531.927495
828.812027 528.651359
898.317146 528.550229
851.555786 535.506763
865.261517 535.548252
877.854080 533.549502
889.311790 530.453482
895.776157 529.165120
884.293842 518.286756
870.613804 515.067977
856.968784 515.583122
843.812656 519.201690
836.112270 523.861781
841.904411 533.899659
893.758278 524.405025
831.806717 526.803435
939.799919 517.091188
940.292988 539.692683
940.995483 561.439626
941.615410 581.693823
942.377815 603.387594
943.568344 628.694687
888.808708 628.047223
898.213291 647.987537
924.622307 656.896892
946.629696 657.575254
968.943558 653.672962
996.062393 641.144814
1004.098778 620.161915
950.205460 697.301838
951.694393 708.895741
951.505852 710.473201
953.034210 734.415715
928.777657 694.526460
907.643509 695.787721
894.691601 697.766161
878.438072 700.688696
887.413616 700.422513
907.626228 703.129785
920.126438 705.995221
934.868202 708.294754
932.250824 733.729756
933.820324 710.375354
905.203171 705.962970
898.093929 717.103043
897.136402 703.802547
886.877346 708.449636
918.212299 708.528621
913.535843 727.267671
883.894901 698.481860
896.690941 700.605268
971.534843 691.518760
993.782616 689.638875
1008.046417 689.452579
1025.789337 689.512961
1016.829185 690.370474
996.578979 696.099350
983.974342 701.034636
969.019318 705.673034
974.227982 730.677767
969.481316 707.699883
998.675766 698.614082
1007.185707 709.000411
1006.983948 695.120945
1017.985840 698.412724
985.357018 703.232911
992.427979 721.386230
1019.784279 688.324764
1007.528915 691.949415
