1077.844505 485.246050
1040.934677 473.791033
1062.700882 476.604005
973.096161 491.591234
1070.717926 464.016441
1011.442909 477.508349
1013.878098 462.954222
1086.608620 475.437437
1045.816841 458.885622
977.338829 469.178385
809.137745 502.388520
842.552090 486.084090
822.283573 491.642958
909.761238 495.340705
813.205833 480.210407
871.157169 485.882989
867.038383 471.886622
799.678802 493.874867
836.049385 471.944654
903.132420 473.632450
1052.771759 517.579200
1058.637886 513.076565
987.599487 522.946429
1036.583519 524.027059
1022.923965 526.050818
1009.884453 525.763650
997.577019 524.011513
990.525284 523.522986
1001.235237 509.964806
1014.888496 504.306321
1028.687782 502.740576
1042.385788 504.817539
1050.628052 508.591279
1046.087952 520.889164
991.743622 517.871679
1055.264854 511.270645
836.788559 531.085238
830.660362 527.536064
900.697689 528.219030
853.111782 535.226966
866.839256 535.607604
879.660873 533.686616
891.345577 530.540192
897.981148 529.091381
886.333466 516.903541
872.485886 513.082230
858.763447 513.330098
845.548210 517.025753
837.874546 522.003686
843.513165 533.326353
896.077938 523.642913
833.635254 525.273192
942.023106 515.779170
942.755585 538.133183
943.713341 559.656816
944.596653 579.748600
945.692482 601.247771
947.165852 626.503043
893.144989 626.950307
902.851410 646.617422
928.910637 655.207551
950.160999 655.905740
971.415710 652.105930
997.423553 639.900291
1005.220184 619.247625
954.098225 695.291984
955.415554 706.662319
955.636253 708.196070
957.305889 731.679668
932.966022 692.724273
912.083187 694.134429
898.889637 696.327810
882.437725 699.210691
891.112232 698.969872
911.298580 701.430917
923.945732 704.093513
938.668556 706.209197
936.769924 731.145308
938.067970 708.216863
909.211864 704.155698
902.542877 715.100398
900.968857 702.160907
891.097183 706.784627
922.389793 706.535826
918.139915 724.941165
887.946167 697.063980
900.252113 699.037464
974.874344 689.559052
996.511345 687.583444
1010.710258 687.334578
1028.174973 687.245228
1019.365425 688.200717
999.508095 693.819323
987.072716 698.779907
972.464333 703.434849
977.938728 727.993476
973.280754 705.380974
1001.861801 696.372550
1010.093536 706.595693
1009.951859 692.907221
1020.577126 696.133018
988.853073 700.940394
995.749741 718.866284
1022.287445 686.174963
1010.257645 689.708140
