1076.669998 498.536439
1039.042168 488.353239
1061.169205 491.193377
972.089081 503.696773
1069.235115 478.972417
1009.352417 491.398437
1011.716309 477.296240
1085.302849 488.955256
1043.772354 473.986598
975.937157 482.425901
811.508274 516.261710
845.212383 501.381372
824.955368 506.902485
911.236153 507.724046
816.066742 495.782014
873.623943 500.225168
869.533596 486.683596
802.498226 507.671067
838.918877 487.722030
904.706154 487.075789
1051.023331 527.279892
1057.351913 524.606320
989.176483 528.732694
1034.202003 530.817221
1020.682983 531.690860
1008.668747 530.930969
997.624626 529.021600
991.556053 528.626028
1002.242203 522.727464
1015.303688 521.118847
1027.778664 521.007482
1040.399895 522.340550
1048.615379 523.938128
1043.810463 529.135026
993.280792 526.033180
1053.616333 524.749936
839.354553 541.468220
833.167191 539.839711
899.279308 534.964195
855.706844 542.508423
869.102154 541.638229
880.797558 539.411952
891.281147 536.277115
896.966858 535.109711
886.913910 530.558281
874.504452 530.762633
862.321701 532.176265
849.910812 534.982735
841.827393 537.882514
846.249275 542.079570
895.168934 532.780759
836.848183 539.433711
942.359962 524.198871
943.010273 543.714774
943.898106 563.888247
944.699192 582.834578
945.664444 603.193703
947.020855 627.187006
890.021496 627.480419
899.287319 646.051390
926.508465 654.697652
949.418564 655.415347
972.503357 651.517882
999.908066 639.298275
1007.794991 619.611075
952.290974 694.358253
953.533287 706.008289
953.364830 707.602680
954.948177 731.383424
930.314541 691.616542
908.538094 693.053091
895.154457 695.329900
879.221992 698.578098
888.389626 698.319190
908.116379 700.721397
920.864811 703.265548
936.093292 705.435047
933.873768 730.628135
935.474739 707.340939
906.493492 703.239927
899.220200 714.501407
898.379631 701.281443
887.826405 706.064808
919.637318 705.609112
914.842930 724.395990
884.424133 696.299872
897.276192 698.430104
973.877106 688.789601
996.318054 687.270720
1010.590782 687.660370
1027.475853 688.572149
1018.482170 689.331622
998.931885 694.233692
986.270256 698.655539
971.121140 703.053889
975.944710 727.887905
971.217041 704.985852
1000.235023 696.729112
1008.918114 707.169578
1008.446159 693.649700
1019.602432 697.123718
987.008514 700.875506
994.234657 718.993227
1022.021713 687.065434
1009.635429 690.557284
