1076.745529 502.881103
1039.180527 494.159106
1061.324501 496.483487
972.911568 508.758681
1069.228134 484.756397
1009.555893 497.264138
1011.952171 483.638399
1085.172729 493.526738
1043.772697 480.287365
976.796036 488.409727
814.022198 520.593145
848.361568 506.929779
827.796364 512.104629
914.082127 512.533257
818.982296 501.406220
877.006531 505.723429
872.884312 492.631534
805.082874 512.165333
842.175636 493.705019
907.608776 492.759283
1051.306000 527.966752
1057.826614 525.518067
990.515556 529.211372
1034.271240 531.059264
1020.778542 531.692373
1009.037132 530.897945
998.350868 529.119802
992.610741 528.891309
1003.426208 523.661195
1016.226654 522.268453
1028.528709 522.233691
1041.036758 523.524081
1049.199257 525.028059
1043.937378 529.636620
994.622612 526.684088
1054.157753 525.791523
841.434345 542.236512
835.047913 540.916092
900.573750 535.479888
858.045101 542.712035
871.418495 541.576817
882.868309 539.346195
893.100300 536.333989
898.513470 535.385356
888.316326 531.580138
876.085396 532.037251
864.031620 533.575412
851.671543 536.390927
843.669262 539.196303
848.524933 542.596550
896.453476 533.503218
838.719406 540.695486
944.039326 526.985997
944.616451 545.184538
945.489292 565.050631
946.310062 583.931236
947.256489 604.266479
948.583317 628.087070
890.889530 626.937304
900.026493 645.375924
927.543583 654.386730
950.804329 655.273404
974.192276 651.165183
1001.681099 638.572791
1009.289932 619.027147
953.639660 693.461344
954.824181 704.762220
954.789219 707.455523
956.374454 731.234465
931.385651 690.668585
909.369106 691.872425
896.079712 694.029307
880.231991 697.416744
889.559498 697.179980
909.115448 699.336734
921.817989 701.893888
937.163486 704.143209
935.073967 730.402637
936.787720 707.111707
907.815285 702.677565
900.404263 714.026721
899.634533 700.521712
888.929386 705.214763
920.944004 705.255961
916.007137 724.115131
885.429840 694.971149
898.364811 697.093592
975.500336 687.811518
998.142929 686.102736
1012.437401 686.407542
1029.514732 687.572243
1020.374451 688.351607
1000.665894 692.972624
987.952652 697.349796
972.658081 701.793787
977.614174 727.666140
972.799988 704.815135
1001.893158 696.276827
1010.822296 706.751540
1010.200081 693.021998
1021.580658 696.388578
988.639870 700.602436
996.062164 718.719835
1023.912048 685.878911
1011.436272 689.349518
