1076.820717 485.395814
1039.410896 474.147434
1061.498337 476.888019
970.671043 491.881363
1069.615173 464.476805
1009.521103 477.868034
1011.979980 463.532742
1085.732689 475.639729
1044.370766 459.443672
974.992104 469.717476
807.174969 501.839032
840.017853 486.435084
820.005283 491.607231
906.823082 495.717416
811.407452 480.227755
868.336201 486.331927
864.361324 472.531993
798.211670 493.133934
833.765659 472.420918
900.317631 474.298099
1051.332436 516.914098
1057.539139 512.314807
985.879440 522.076299
1034.623146 523.308431
1020.778999 525.120660
1007.799339 524.692515
995.639420 522.961074
988.669510 522.578280
999.639473 509.090749
1013.393784 503.374940
1027.332230 501.840963
1041.192284 503.937721
1049.484329 507.783719
1044.381409 520.258405
990.101280 517.071104
1054.133492 510.517159
834.182281 529.659022
828.036346 526.129128
897.909050 527.225722
850.543041 533.744423
864.284592 534.055055
877.056084 532.187659
888.701591 529.199431
895.316448 527.942322
883.669510 515.873798
869.829197 511.989337
855.946541 512.234920
842.674885 515.906725
835.068741 520.814137
840.919590 531.881050
893.303089 522.694924
830.898628 523.985088
939.014626 516.043807
939.311600 538.591808
939.806728 560.405602
940.234680 580.753527
940.803280 602.573211
941.794109 628.007119
887.803516 626.707234
897.052345 646.744559
923.172798 655.905161
945.028896 656.825116
967.292862 653.127401
994.578781 640.867302
1002.829170 619.901140
948.406448 696.063044
950.025787 707.516162
949.835472 709.298844
951.293106 733.061628
927.099037 693.077552
906.203842 694.141703
893.430405 696.095939
877.398262 698.961053
886.343479 698.775787
906.342030 701.461558
918.713093 704.359310
933.326797 706.767762
930.664501 732.222526
932.257061 709.019208
903.871307 704.387248
896.839600 715.427477
895.901470 702.196376
885.759544 706.757333
916.762676 707.048235
912.117348 725.630150
882.794781 696.760526
895.509968 698.947663
969.767075 690.518146
992.138786 688.918347
1006.592674 688.920536
1024.580498 689.223797
1015.652390 689.967306
995.196877 695.309429
982.456284 700.061703
967.423897 704.487669
972.506332 729.549694
967.867699 706.698239
997.337151 697.941513
1005.715485 708.351274
1005.764351 694.567595
1016.676865 697.991531
983.866196 702.417691
990.812874 720.516551
1018.476906 687.957129
1006.275101 691.355960
