1075.922127 504.001805
1038.330116 495.506144
1060.554543 497.626462
971.208344 510.700042
1068.571243 485.837477
1008.538284 498.828017
1011.059189 485.201311
1084.658775 494.400473
1043.100357 481.557187
975.335541 490.274516
809.764881 520.604088
844.026089 507.089907
823.384895 511.953192
910.679569 514.134761
814.654255 501.076630
872.934837 506.532855
868.906116 493.376749
800.884438 512.053453
837.865963 493.752043
904.249535 494.275042
1049.921494 529.291838
1056.636429 526.563646
988.159103 531.473536
1032.490082 532.948194
1018.774681 533.754369
1006.851425 532.988942
996.013298 531.302948
990.197983 531.164095
1001.461372 524.762875
1014.522285 522.663574
1027.209892 522.420083
1040.006905 523.815111
1048.171349 525.646040
1042.379150 531.249132
992.410812 528.576236
1053.085785 526.623931
837.147045 543.674991
830.699100 541.868877
897.444305 537.997162
853.949032 544.837954
867.546215 543.859484
879.304390 541.678140
889.786720 538.723547
895.374641 537.898672
884.782219 532.742039
872.218723 532.322938
859.699516 533.546605
847.076054 536.441073
839.068794 539.617689
844.285984 544.407363
893.180695 535.614910
834.226341 541.360974
941.393909 529.537936
941.899338 548.548930
942.720909 568.824434
943.470726 587.979205
944.346428 608.590157
945.647850 632.634959
888.529758 630.177712
897.757931 648.810611
925.290413 658.064232
948.298359 658.990302
971.397285 654.569099
998.825798 641.320102
1006.466560 621.590288
951.616974 695.739634
952.877483 706.485035
952.948952 709.370298
954.413967 732.654405
929.499435 693.145401
907.760067 694.186506
894.766960 695.910351
879.318867 698.599985
888.538513 698.518617
907.857342 700.990348
920.265083 703.635693
935.415058 705.944560
933.294697 731.830688
935.092850 709.130445
906.579609 704.407203
899.246979 715.329373
898.527546 702.060549
887.991829 706.394012
919.491749 707.156124
914.549446 725.489945
884.402275 696.471040
897.295933 698.648651
973.455048 690.032001
996.042023 687.788537
1010.262337 687.547975
1027.440262 687.747531
1018.289452 688.836851
998.503876 693.931074
985.835381 698.626893
970.633163 703.331594
975.487175 728.937442
970.873489 706.642685
999.826698 697.480602
1008.608894 707.582595
1008.159943 693.921998
1019.430428 696.856248
986.647339 702.173138
993.837662 719.843659
1021.799812 686.454728
1009.359627 690.098498
