1076.870499 488.759948
1039.447632 476.790526
1061.472244 480.088838
970.801277 493.902451
1069.866142 467.570701
1009.550171 480.014359
1012.046700 465.634071
1085.932732 478.919953
1044.537849 462.081259
974.972763 471.713973
806.904259 504.749272
839.236450 488.288062
819.498882 494.090871
906.350441 497.541554
810.671082 482.590245
867.536030 487.962399
863.536091 474.127092
797.986221 496.061747
832.846928 474.410495
899.786053 475.969545
1050.713997 521.713139
1057.113991 517.808207
986.240273 524.995358
1033.739090 527.069457
1019.846878 528.491360
1007.132835 527.800058
995.350342 525.810353
988.781662 525.280691
999.928093 515.278702
1013.583984 511.476091
1026.971512 510.612495
1040.362015 512.390510
1048.676262 515.197173
1043.530884 524.496435
990.514984 521.098280
1053.540001 516.972452
835.115261 534.919199
828.816719 531.863379
897.355843 530.519432
851.686878 538.007269
865.401134 537.772404
877.752743 535.654306
888.818951 532.390401
894.931355 531.037055
883.789330 522.193136
870.451927 520.056596
857.313194 520.732319
844.390068 523.961656
836.562710 528.044708
842.044201 536.632293
892.918510 527.039169
832.022095 530.489144
939.228859 518.314565
939.856224 540.714734
940.582523 562.304542
941.212807 582.360342
942.018814 603.940558
943.303986 629.174137
888.952618 628.170047
898.284874 647.858534
924.732571 657.028470
946.767654 657.859268
969.055481 653.895371
995.948982 641.267574
1003.911781 620.614522
950.407791 695.634770
952.008133 707.476058
951.910000 709.476514
953.588676 734.135242
928.876648 692.882888
907.761211 694.244699
894.862175 696.252494
879.141655 699.212945
888.261051 699.188869
907.887726 701.896913
920.235500 704.632444
935.001354 706.901593
932.636719 733.225522
934.247131 709.240973
905.885696 704.691474
898.704185 716.128757
897.987270 702.547531
887.603931 707.119560
918.713779 707.329738
913.954411 726.571026
884.389572 696.992011
897.246780 699.446232
971.799889 689.936213
994.184761 688.187971
1008.518944 688.077893
1026.000366 688.366220
1016.868668 689.495645
997.097740 694.946172
984.507637 699.735074
969.491844 704.352551
974.717560 730.406177
969.844551 706.717293
998.880730 697.676876
1007.581444 708.452854
1007.066116 694.304051
1018.218384 697.525406
985.692329 702.292871
992.930031 721.038165
1020.224876 687.054298
1007.837791 690.973713
