1077.010918 486.295137
1039.462051 474.514554
1061.526604 477.661074
971.096764 491.587179
1069.831467 465.271651
1009.666328 477.821814
1012.193527 463.489999
1086.080017 476.605679
1044.524231 459.826949
975.356712 469.435587
808.573723 502.465446
841.383762 486.674294
821.471901 492.110821
907.937336 495.541356
812.683640 480.797102
869.585266 486.326133
865.544472 472.543548
799.475498 493.802576
835.006886 472.751924
901.365395 474.099444
1051.213074 517.855232
1057.365875 513.529204
986.324387 522.069862
1034.634018 523.801528
1020.921707 525.482855
1008.074684 524.936424
996.037674 523.050005
989.115715 522.580179
999.934273 510.140802
1013.606529 505.128204
1027.304764 503.923141
1040.926208 506.011659
1049.185982 509.574126
1044.276352 520.955114
990.497818 517.405264
1053.886757 512.025193
836.247540 530.367318
830.120316 527.009912
899.152050 527.231998
852.490482 534.166710
866.123600 534.366556
878.699398 532.426611
890.124779 529.330913
896.576729 527.952397
885.234947 516.854521
871.602859 513.565704
858.061523 513.961051
845.001698 517.504238
837.371235 522.149523
842.960930 532.423006
894.640274 522.995127
833.091030 525.078367
940.051918 515.689369
940.522842 537.949945
941.127205 559.601648
941.660843 579.867175
942.351151 601.548393
943.463516 626.797614
889.890175 626.551516
899.190102 646.477604
925.045910 655.250487
946.775150 656.018136
968.788948 652.570059
995.588493 640.798037
1003.675117 619.921288
950.392857 696.177692
952.115993 708.116055
952.252007 710.164661
953.880215 734.334927
929.345055 693.189240
908.771553 694.576478
896.244793 696.939161
880.641060 700.438285
889.395962 700.092795
909.097023 702.465262
921.259003 705.138416
935.688057 707.401836
933.238106 733.511145
934.837704 709.830501
906.753502 705.403247
899.680195 716.653461
898.932095 703.338225
888.794918 708.101377
919.485741 707.936132
914.772320 726.826715
885.899448 697.938874
898.463058 700.107601
971.464233 690.693948
993.581200 689.475882
1007.887115 689.950826
1025.811539 690.989807
1016.881371 691.599226
996.526566 696.491961
983.938751 700.994017
969.152184 705.220685
974.947701 730.923994
970.061760 707.641561
999.017372 699.248865
1007.635803 709.806554
1007.214890 696.054418
1018.231201 699.643986
985.800133 703.529992
993.060608 721.872761
1019.694557 689.389043
1007.475243 692.782724
