1075.909309 486.213738
1038.375435 474.840957
1060.477524 477.605842
970.022850 492.626513
1068.640251 465.268883
1008.543091 478.611832
1010.965347 464.307150
1084.900703 476.520127
1043.301773 460.196224
974.270668 470.507398
807.896347 502.392511
840.554523 487.160890
820.667152 492.196501
906.786060 496.514579
812.155437 480.910206
868.604736 487.115571
864.629917 473.385129
798.942318 493.731540
834.348106 473.188276
900.243931 475.152490
1050.643387 517.497672
1056.744461 512.801210
985.127792 522.959754
1034.116516 524.041286
1020.378799 525.947660
1007.350502 525.599917
995.077744 523.930306
987.985954 523.537695
998.920212 509.173404
1012.666512 502.991052
1026.669273 501.370686
1040.533676 503.626671
1048.787613 507.768720
1043.789177 520.924666
989.306831 517.684901
1053.388824 510.761679
834.583282 529.829031
828.510990 526.210849
898.258381 527.866588
850.785942 534.170798
864.461746 534.630743
877.227173 532.850507
888.958569 529.943712
895.653076 528.671765
883.913441 515.772732
870.066719 511.411911
856.103554 511.515069
842.816563 515.273391
835.320053 520.422331
841.239052 532.180063
893.622322 523.072793
831.262321 523.821677
938.801994 516.658956
939.068241 539.079627
939.491901 560.703328
939.905090 580.837212
940.455837 602.399855
941.422920 627.595325
888.277760 626.407514
897.412205 646.246569
923.195286 655.405176
944.584179 656.432054
966.389008 652.891731
993.309517 640.856230
1001.645050 620.103014
947.843800 695.800467
949.459419 706.925926
949.538612 709.725122
950.986519 733.266850
926.740780 692.793925
906.052437 693.637598
893.335762 695.381398
877.266083 698.073993
886.203232 697.992947
906.088257 700.693202
918.399296 703.655519
932.871208 706.110127
930.429268 732.270098
932.026176 709.331675
903.766022 704.221873
896.748791 715.031583
895.791779 701.783359
885.634804 706.090558
916.617336 707.163141
911.979332 725.497670
882.675190 695.887177
895.285549 698.122337
969.013138 690.379486
991.086617 688.714993
1005.434074 688.587534
1023.404961 688.799257
1014.536705 689.579329
994.189453 694.783373
981.559296 699.544401
966.701889 703.938696
972.030144 729.725046
967.441177 707.116535
996.546822 698.065689
1004.843903 708.277438
1004.853516 694.468009
1015.619545 697.736807
983.244209 702.739620
990.144997 720.625534
1017.267151 687.537997
1005.173492 690.841877
