1078.218040 494.656935
1045.283890 480.643541
1064.872169 485.676094
979.658203 490.068426
1072.583313 474.891618
1017.709579 480.031643
1020.943565 467.096143
1086.775131 485.561285
1050.780487 467.592330
984.792252 469.590726
810.501595 489.093593
844.112320 471.919194
823.872128 477.697992
912.858181 486.447251
815.323219 466.323634
873.146553 473.184929
870.005379 460.106649
801.877785 480.945836
838.220043 458.915330
907.671490 465.198362
1052.390099 523.620640
1059.021034 520.922252
990.530891 523.113220
1035.353966 526.774853
1021.732292 527.219349
1009.555435 526.142163
998.536835 523.925092
992.619553 523.205756
1004.138031 515.745084
1017.530136 513.586464
1030.519180 513.906527
1043.321457 516.247966
1051.237221 518.964218
1045.063477 525.251273
994.939384 520.070887
1055.842323 520.555454
838.083458 524.472070
831.338997 520.845616
901.104927 523.241483
855.326900 528.126719
869.219856 528.294121
881.678410 526.894813
892.897110 524.450408
898.837624 523.502162
887.940960 514.991308
874.572315 512.209171
861.234455 511.980743
847.917538 514.339854
839.606667 517.770388
845.437889 526.590843
896.831932 519.953277
834.819374 519.931744
946.954594 513.296238
947.611599 536.412814
948.357296 557.748220
949.259090 577.402267
950.345879 598.739026
951.921616 623.919239
891.674595 619.544191
901.400642 639.243429
930.335369 649.251308
954.060287 650.587628
977.246475 646.227257
1003.948631 632.890778
1010.914421 613.291061
957.479553 684.692066
957.421131 695.245442
958.217468 698.040776
958.969517 720.768249
934.566708 682.257156
911.629429 683.135011
897.989044 684.018402
881.943169 685.641954
891.302032 686.058769
910.731754 689.241629
923.231735 692.235296
938.788548 694.624565
937.015629 719.540527
939.519882 697.697089
910.016441 692.492337
902.213516 702.658510
901.660881 689.999042
890.776005 693.656781
923.240204 695.400388
917.905827 712.869873
887.089520 684.009390
900.127487 686.464705
979.731560 679.156888
1002.174568 676.304519
1015.524216 675.050790
1032.244492 674.218512
1022.019653 675.965917
1002.755127 681.748159
990.603104 686.884031
975.434189 691.883047
979.929771 717.364397
976.241112 695.346315
1004.703941 685.481150
1013.483505 695.819328
1012.562599 681.551499
1024.220238 684.151525
991.906586 690.638845
998.505936 708.447382
1026.721802 673.237081
1013.278198 677.409611
