1078.887634 495.978899
1045.921440 481.766528
1065.540161 486.869216
980.343590 491.131160
1073.329468 476.162438
1018.365326 481.134417
1021.678619 468.235095
1087.557449 486.981096
1051.522980 468.811877
985.600433 470.687449
811.698246 490.049597
845.456200 472.823668
825.189056 478.613795
913.871384 487.461544
816.679516 467.301428
874.423027 474.106107
871.347942 461.065518
803.049202 481.908889
839.638653 459.882020
908.852348 466.223309
1052.977638 524.776071
1059.685249 522.043501
991.179314 524.267203
1035.813446 527.914095
1022.190742 528.325728
1010.064240 527.233350
999.111786 525.047693
993.218651 524.349600
1004.834633 516.699575
1018.221130 514.399849
1031.198158 514.650936
1044.020119 517.038049
1051.930161 519.882048
1045.586929 526.429396
995.615730 521.177105
1056.541786 521.587676
839.107819 525.214838
832.352943 521.614101
902.103939 524.249564
856.355438 528.862052
870.211887 529.068335
882.653503 527.731211
893.896236 525.375545
899.858093 524.488775
888.925781 515.727060
875.540771 512.758305
862.212868 512.489001
848.915234 514.892753
840.615578 518.424515
846.481705 527.324148
897.821732 520.882856
835.809402 520.655426
947.579613 514.340336
948.039207 537.408149
948.594360 558.728170
949.313049 578.352928
950.184917 599.648230
951.520615 624.764714
891.838875 620.354776
901.331806 640.075450
929.989300 650.170491
953.560696 651.549039
976.625633 647.333314
1003.400574 634.132018
1010.493965 614.608390
956.776772 685.427077
956.697121 695.886662
957.463875 699.319417
958.072701 722.035303
933.823929 682.867284
910.776558 683.621414
897.031746 684.395370
880.575829 685.986092
890.010223 686.507578
909.710312 689.662886
922.289543 692.728329
937.939281 695.180361
935.970039 720.764000
938.645325 698.910520
908.930855 693.460186
901.028996 703.648374
900.462055 690.801451
889.490433 694.371192
922.266884 696.514750
916.778870 713.994792
885.940247 684.325333
898.972263 686.854291
979.223213 679.942238
1001.908264 677.171302
1015.511627 675.901866
1032.615051 675.179086
1022.390099 676.923788
1002.786484 682.537501
990.375366 687.626123
974.990273 692.552783
979.335136 718.721702
975.774765 696.675231
1004.705086 686.774147
1013.435097 697.189121
1012.724876 682.777998
1024.400597 685.367403
991.672440 691.969113
998.158836 709.836617
1026.923447 674.119892
1013.544731 678.244464
