1083.172646 486.419442
1047.070312 473.863420
1068.336067 477.342557
980.513420 490.299107
1076.315918 465.169491
1018.157730 476.849105
1020.819397 462.524017
1091.947746 476.993752
1051.997337 459.335589
985.088310 468.005830
817.848701 499.630716
852.318592 483.361595
831.742573 488.868481
918.702049 493.174102
822.778072 477.540632
880.776100 483.309678
876.931629 469.440093
808.191605 491.113168
845.998821 469.379100
912.550392 471.500448
1058.117752 517.486793
1063.950233 513.095169
993.739586 522.315928
1042.105980 523.656431
1028.612595 525.530362
1015.680656 525.212649
1003.561134 523.444322
996.585045 522.933651
1007.289047 509.086629
1020.808754 503.278091
1034.516945 501.814635
1048.062172 504.119833
1056.162872 508.170633
1051.493225 520.659578
997.883492 517.170238
1060.692329 511.122941
844.726238 528.071873
838.507061 524.430002
908.545818 526.322987
861.186733 532.337905
874.862480 532.859423
887.586994 531.235389
899.237881 528.364706
905.854568 527.134184
894.385586 514.455789
880.701599 510.147368
867.064247 510.098283
853.773994 513.717270
845.959339 518.708754
851.563854 530.360881
903.979797 521.599231
841.635132 522.086695
950.051937 514.441080
950.889187 536.951358
951.937237 558.643198
952.914448 578.733051
954.087353 600.310564
955.522213 625.693424
899.742050 625.046089
909.223080 644.865060
935.677013 654.043686
957.011032 655.105197
978.197937 651.561527
1004.003792 639.631598
1011.625900 619.068925
959.853973 693.162332
960.521393 704.045427
961.021843 706.820097
962.193031 729.221842
938.498898 690.489371
917.064629 691.464171
903.240623 693.213766
886.114254 695.643976
894.808331 695.865934
915.208511 698.349123
928.130722 701.113751
943.245220 703.429635
941.591721 728.470931
943.066063 706.587260
913.526802 701.836853
906.907539 712.116580
905.027046 699.549809
895.051517 703.575504
927.036896 704.576826
922.782440 722.034853
891.772900 693.678217
903.917999 695.860462
980.797462 687.975025
1002.282829 686.299267
1016.192436 686.101191
1033.110123 686.206119
1024.300117 687.311597
1004.816895 692.190621
992.463799 696.782863
977.830009 701.113493
982.723846 725.940363
978.727112 704.300730
1007.138786 695.578058
1014.891014 705.411808
1015.105019 692.157855
1025.479889 695.199802
994.276772 700.087259
1000.521812 717.254062
1027.528954 685.038006
1015.456352 688.396926
