1082.697945 485.680665
1046.751366 473.523048
1067.987823 476.853483
979.774933 490.365829
1075.947533 464.667478
1017.733498 476.660589
1020.400658 462.516968
1091.387901 476.211298
1051.727943 459.112955
984.331055 468.329433
816.921673 501.143997
851.021404 484.988912
830.633755 490.592068
917.426662 493.911688
821.698666 479.413759
879.376545 484.566915
875.447845 470.954983
807.287865 492.674664
844.613457 471.239609
911.221848 472.620893
1057.352829 516.929644
1063.308792 512.593607
992.889633 521.806029
1041.092834 523.027378
1027.458801 524.862524
1014.502945 524.547354
1002.448769 522.787299
995.605202 522.330508
1006.486588 509.229795
1020.080452 503.766875
1033.807068 502.362481
1047.350235 504.453735
1055.517540 508.184570
1050.601959 520.087817
997.072792 516.895816
1060.068512 510.884535
843.923550 528.876504
837.618313 525.452696
907.476826 526.377672
860.512047 532.722309
874.218864 533.013146
886.865730 531.252866
898.390217 528.283564
904.861679 527.073609
893.379593 515.402910
879.738293 511.669661
866.162682 511.915212
852.931995 515.523609
845.096626 520.267514
850.828857 530.959679
902.910805 521.961715
840.769958 523.416288
948.932934 514.985418
949.787750 537.493958
950.861549 559.233048
951.823769 579.364293
952.977619 601.001415
954.404297 626.289968
898.061314 625.155973
907.500572 645.045433
934.249992 654.250131
956.061230 655.217078
977.756653 651.480289
1003.957901 639.254372
1011.491432 618.546989
959.113770 694.149621
959.854088 704.898112
960.384064 707.452626
961.587982 729.735796
937.532272 691.508524
915.948486 692.335975
902.125626 693.940601
884.976826 696.338689
893.777504 696.499686
914.310894 699.076345
927.267723 701.941845
942.499924 704.284894
940.784855 729.012887
942.283058 707.258542
912.601891 702.472537
905.818863 712.713575
904.073009 700.164571
893.915062 704.194193
926.154385 705.261562
921.821251 722.603202
890.634727 694.377694
903.005505 696.505802
980.392456 688.829191
1002.187386 686.869419
1016.238556 686.459684
1033.384666 686.335702
1024.547882 687.423928
1004.735756 692.618058
992.238350 697.359002
977.390442 701.826296
982.516708 726.244977
978.373489 704.800522
1007.148743 695.844111
1015.120010 705.485258
1015.208702 692.333207
1025.781898 695.255613
994.144707 700.493195
1000.570450 717.407012
1027.703705 685.215547
1015.520325 688.667936
