1081.663399 479.973546
1044.957161 470.762540
1066.786079 472.313318
977.307587 494.814327
1074.710655 459.291172
1015.366402 477.114322
1017.507133 463.111711
1090.083160 469.979732
1049.690552 456.243335
980.794144 473.113604
813.233471 516.853040
846.052551 501.338886
826.226006 507.245979
913.406467 505.233743
817.021580 496.587449
874.350471 499.274122
869.817524 486.274120
803.457642 508.322940
839.085789 488.186578
906.229820 485.430157
1056.050148 515.239595
1062.444077 510.760424
992.887344 522.615037
1038.718185 521.689063
1024.571686 523.720965
1011.976547 523.629781
1000.692673 522.335304
994.810753 522.399355
1006.016922 513.391253
1019.189529 509.323522
1032.275963 507.602155
1045.498924 508.020000
1054.021797 509.648606
1048.694458 518.653779
997.050018 519.009215
1059.014969 510.673263
842.455616 541.907244
835.505104 539.906048
904.298916 533.918617
860.264339 543.226054
874.373074 541.835275
886.266003 538.924971
896.775112 535.159439
902.321320 533.927307
890.439034 528.624580
877.065639 528.416333
864.277611 530.335035
851.696491 533.935064
843.695583 537.456268
850.125847 542.817028
899.617653 531.535850
838.952579 539.398595
947.023716 521.648122
948.772545 543.439515
950.445271 565.005569
951.920013 585.008004
953.407230 606.684265
955.225811 631.661060
895.318508 627.107828
904.597092 646.085508
933.057003 656.276271
956.297092 657.260470
979.717026 652.038338
1007.197266 636.859374
1014.041977 615.909369
957.808113 690.125020
959.028969 700.160193
959.387226 707.738378
961.035919 730.484197
934.894009 688.085618
912.053204 688.765461
898.459854 689.959066
882.276249 692.807314
892.483578 693.556359
911.924629 694.824829
924.713058 697.425950
940.645466 699.859700
939.425869 729.997151
940.815067 707.706642
911.212234 701.681135
903.718929 712.421644
902.891693 698.519518
891.572399 702.101555
924.579563 705.240190
919.941273 723.331840
887.436619 690.394034
901.175938 692.733479
980.706940 684.291151
1003.980904 681.702518
1017.906647 680.844104
1034.387627 681.087306
1025.492020 683.128252
1005.930748 687.519135
993.339272 692.071981
977.826004 696.848009
983.119469 725.952916
978.166580 704.632380
1007.245789 693.912599
1016.152954 702.735887
1015.407372 689.611259
1026.592026 691.201787
994.258003 699.518781
1001.600304 715.933836
1029.017029 679.535401
1016.645050 683.869185
