1081.124382 480.802445
1043.896179 471.428511
1065.835648 473.279461
976.319847 494.265064
1073.798790 460.141765
1014.189606 477.229003
1016.216927 463.108878
1089.614868 470.690507
1048.505974 456.824849
979.600525 472.417281
814.498329 518.167570
847.252350 502.431425
827.691250 508.611943
913.391991 504.735947
818.355789 497.950741
875.036201 499.523824
870.404549 486.430192
804.471016 509.518926
840.183563 489.154716
906.128025 484.745969
1055.421753 515.451576
1061.656151 511.319536
992.292252 522.213510
1038.334465 521.305915
1024.419594 523.217568
1011.902847 523.160115
1000.516548 521.925344
994.435959 521.990490
1005.212975 513.607031
1018.423004 509.924541
1031.441002 508.487864
1044.589920 509.038639
1053.084183 510.508500
1048.148575 518.545246
996.324806 518.782525
1058.138351 511.392696
843.652954 542.056525
836.899967 540.444753
904.421425 533.570970
860.911732 542.826426
874.622211 541.451097
886.293869 538.631687
896.709194 534.895638
902.323666 533.625752
891.013470 528.911072
877.929955 529.177866
865.435410 531.328214
853.050327 534.908770
845.140228 538.259418
851.052132 542.627063
899.906445 531.353352
840.380173 540.066562
946.442699 521.135970
948.121490 542.820632
949.878960 564.285815
951.385975 584.142122
952.993011 605.504565
954.910126 630.216916
895.331898 627.922275
904.784546 646.967225
932.889633 656.440229
956.034737 657.092521
979.501991 652.388463
1007.043343 638.203096
1014.113045 617.079992
957.689037 694.046624
959.060726 704.827173
959.172363 708.002758
961.252785 731.120975
935.156307 691.815906
912.596455 692.628164
898.780804 694.127347
882.186069 696.834426
891.987534 697.047951
912.161636 699.185715
925.195541 702.034800
941.027412 704.443188
939.855137 730.777094
940.724773 708.032820
910.834465 703.151028
903.666744 714.267089
902.452354 700.715346
891.336193 705.062134
924.412479 706.049294
920.205460 724.496284
887.472954 694.640529
900.984879 696.774752
979.956093 688.178508
1002.701912 685.848205
1016.531181 685.251274
1032.890625 685.265565
1024.177094 686.693873
1004.817696 691.986365
992.463455 696.765418
977.210655 701.522520
982.892075 726.803606
977.573662 704.928625
1006.384048 695.357451
1015.250359 704.588542
1014.377403 691.731770
1025.440521 694.151230
993.465042 700.272911
1000.996399 717.088172
1027.588348 683.959887
1015.261574 688.031995
