1079.831200 479.959223
1042.161369 470.534627
1064.399643 472.286539
973.973351 493.654679
1072.403984 459.359729
1012.203941 476.521704
1014.286423 462.489803
1088.515205 469.966117
1046.831131 456.005927
977.474670 471.890548
811.233330 515.812418
844.091606 500.280143
824.342251 506.149449
910.604382 503.822912
815.326824 495.609784
872.077160 498.037612
867.592850 485.024929
801.505508 507.315921
837.268295 487.090788
903.442841 483.928431
1054.108543 514.111780
1060.466652 509.646932
989.813805 521.682980
1036.841698 520.576794
1022.745094 522.669078
1009.962845 522.685783
998.288498 521.506984
991.991272 521.612781
1003.044319 511.242996
1016.402893 506.530377
1029.830246 504.743317
1043.336105 505.549622
1051.914597 507.687739
1046.786385 517.522198
993.927155 517.652907
1056.945076 509.134297
839.449825 539.628890
832.725906 537.531842
901.575909 532.351005
856.782246 541.186459
870.706158 540.040169
882.749176 537.323402
893.527794 533.703192
899.416122 532.514416
887.587280 525.849395
874.106998 524.954610
861.075382 526.693486
848.369293 530.453160
840.552464 534.369131
846.837788 540.616951
896.881428 529.533398
835.994453 536.619709
943.647423 520.242312
945.137787 542.130489
946.626320 563.636677
947.890205 583.509786
949.217319 604.914007
950.904293 629.694271
892.203140 626.531818
901.644402 645.555396
929.765739 655.314603
952.765160 656.136711
976.012802 651.261098
1003.704071 636.622353
1010.920601 615.647886
954.756432 691.090679
956.320667 701.384504
956.690769 706.701972
958.440914 729.532185
932.215462 688.933024
909.813938 689.484508
896.341438 690.660989
880.269756 693.140252
890.299587 693.715940
909.885521 695.703456
922.606945 698.543851
938.283463 701.022534
937.135448 728.998275
938.332615 706.637535
908.905678 700.995305
901.612530 711.788535
900.666161 698.123238
889.487057 701.946738
922.250233 704.304399
917.805061 722.435060
885.332508 690.949380
899.068794 693.297708
977.438278 685.286036
1000.724487 682.653372
1015.024681 681.655204
1032.271156 681.261370
1023.305626 683.103919
1003.230858 688.276484
990.462914 693.151131
974.960289 698.002024
980.469246 725.064247
975.488777 703.568809
1004.975739 693.137419
1013.758278 702.094023
1013.243294 689.016838
1024.420395 690.897496
991.726913 698.574235
999.002724 715.129430
1026.631622 680.058560
1014.195557 684.287031
