1078.569489 485.092231
1041.117096 473.831395
1063.206711 476.526210
972.708664 492.151698
1071.195717 464.118247
1011.302834 477.730372
1013.802681 463.340782
1087.436371 475.347862
1046.025467 459.086466
976.998138 469.784939
809.301453 504.552323
842.694798 488.470527
822.470455 493.991286
909.626999 496.831391
813.716526 482.731158
871.214619 487.917305
867.113400 474.127189
800.023956 495.893186
836.336060 474.489609
903.043728 475.354428
1053.573189 516.528375
1059.699898 511.657333
987.821732 522.481366
1036.883354 523.356807
1022.975006 525.398365
1009.873466 525.057929
997.623253 523.375733
990.608826 523.017465
1001.455536 508.587931
1015.151825 502.304835
1029.222107 500.493636
1043.271217 502.599986
1051.653671 506.672287
1046.666565 520.094962
991.982117 517.162803
1056.338768 509.625013
836.250343 531.955175
830.003643 528.379158
900.624561 528.739035
852.875404 536.082741
866.790447 536.237880
879.635696 534.164650
891.363316 530.904994
898.012676 529.520974
885.977325 516.872063
871.939487 512.826798
857.918587 513.211073
844.524193 517.238088
836.922512 522.531577
843.118973 534.221427
895.858269 523.990206
832.826672 525.963496
941.520824 516.918830
942.014980 539.613054
942.725487 561.606867
943.335114 582.067187
944.053574 603.992572
945.178013 629.538424
890.872364 628.868108
900.172863 648.956287
926.265678 658.112705
947.983990 658.923161
970.072975 655.158949
997.075081 642.726331
1005.124626 621.529005
951.125736 699.417393
952.570152 710.571241
952.448502 711.936786
953.862820 735.075281
929.899006 696.550219
908.930740 697.482083
895.840988 699.233029
879.267540 701.677980
888.072796 701.626675
908.445683 704.483421
921.069546 707.444065
935.843124 709.889531
933.312664 734.384365
934.796963 711.782033
905.987377 707.212515
899.196510 717.843976
897.846165 705.009992
887.806549 709.346480
919.093037 709.875240
914.699764 727.911787
884.826622 699.693360
897.363911 701.912813
972.395668 693.806512
994.497414 691.981151
1008.777695 691.727457
1026.658630 691.520691
1017.984924 692.406399
997.520256 698.056612
984.797058 702.945421
969.860687 707.458034
974.936943 731.483653
970.389061 709.264405
999.738808 700.349901
1007.851868 710.289931
1008.179283 696.969287
1018.779945 700.125625
986.364670 704.885495
993.067474 722.372489
1020.599556 690.480230
1008.620796 693.983989
