1079.498405 485.118849
1042.266083 473.484746
1064.249039 476.416358
973.909950 491.628699
1072.274323 463.980392
1012.505722 477.225205
1015.034866 462.874271
1088.398132 475.375028
1047.220230 458.768882
978.253670 469.301884
810.761547 503.535551
844.029751 487.614237
823.926315 493.070816
910.667782 496.177039
815.312462 481.786451
872.318802 487.131472
868.316917 473.378820
801.503620 494.795787
837.733784 473.673584
904.191914 474.737027
1054.206848 516.865078
1060.344200 512.149723
988.706474 522.344928
1037.502022 523.429195
1023.615417 525.328456
1010.554504 524.922327
998.365402 523.187957
991.426620 522.828208
1002.435265 509.088818
1016.181793 503.206251
1030.150108 501.580703
1044.017372 503.670895
1052.326241 507.555259
1047.265663 520.304207
992.904167 517.267764
1056.985130 510.324715
837.610245 531.044458
831.341572 527.571952
901.623230 528.055941
854.231529 535.041668
868.125458 535.182645
880.869713 533.191684
892.496796 530.032836
899.051113 528.743831
887.206764 516.734530
873.294811 512.931340
859.439507 513.309885
846.144161 517.140852
838.465805 522.162977
844.496212 533.226092
896.923256 523.518931
834.259930 525.383753
942.683887 516.620911
943.219013 539.539508
943.909893 561.620514
944.527473 582.112827
945.270081 604.110374
946.412144 629.777827
891.092548 627.892921
900.316544 648.026676
926.832962 657.579052
948.827763 658.655498
971.127892 654.788868
998.296967 642.069597
1006.359558 620.932202
951.707211 697.763844
953.050804 708.754570
953.106823 710.981491
954.420033 734.105308
930.273457 694.931045
909.057884 695.697341
895.912857 697.282526
879.518280 699.654865
888.604031 699.817278
908.672104 702.591498
921.212254 705.563407
936.082191 708.063912
933.754063 733.264790
935.348167 710.694773
906.504421 705.723374
899.539890 716.271987
898.415279 703.364103
888.125553 707.516806
919.595432 708.585398
915.072384 726.572571
884.927044 697.670889
897.730122 699.994111
973.193665 692.297223
995.428162 690.413346
1009.641495 690.089808
1027.173615 690.006509
1018.326302 691.079607
998.165359 696.435506
985.538292 701.231875
970.558090 705.726206
975.529747 730.526040
971.120796 708.329322
1000.328522 699.266117
1008.465614 709.127226
1008.627548 695.795252
1019.308205 698.771410
987.084732 703.923182
993.707542 721.396916
1021.325455 688.874702
1009.120674 692.444122
