1079.265175 484.424522
1042.273865 472.895411
1064.211159 475.702525
973.468781 491.470213
1072.199364 463.203732
1012.471390 476.817981
1014.975700 462.437886
1088.049088 474.657365
1047.237625 458.095475
977.821655 469.107767
808.442574 503.752810
841.560917 487.786628
821.414738 493.279256
909.221706 496.367970
812.573318 481.955752
870.262127 487.367495
866.151924 473.557359
799.235687 494.972105
835.110626 473.800271
902.572861 474.936744
1053.965263 517.041525
1060.112801 512.147663
988.334427 522.563828
1037.200012 523.865225
1023.205605 525.809258
1010.111847 525.316225
997.935791 523.481272
991.031342 523.083222
1002.021332 509.232370
1015.770836 503.362613
1029.787216 501.675171
1043.759766 503.704723
1052.112122 507.552588
1046.997414 520.622917
992.544823 517.436453
1056.785088 510.302700
836.123199 531.750823
829.762058 528.117610
900.443630 528.470407
852.897778 535.914019
866.934185 535.999346
879.744816 533.851669
891.329956 530.545857
897.895947 529.191449
885.838909 517.181826
871.798782 513.456784
857.815876 513.916183
844.478760 517.768875
836.800804 522.782375
843.082409 534.038737
895.678196 523.947912
832.632809 525.960535
941.803265 516.612865
942.452774 539.441081
943.244190 561.522539
943.901253 582.084053
944.669323 604.150672
945.805378 629.673285
890.573616 628.515537
899.911423 648.758082
926.325760 657.984152
948.453484 658.804264
970.936775 655.112665
998.176460 642.731545
1006.124611 621.413970
951.303635 699.119475
952.742386 710.694323
952.555561 711.657794
954.026985 735.337150
929.894371 696.131344
908.761082 697.086189
895.721226 698.909039
879.322300 701.469605
888.229065 701.471214
908.520584 704.413447
921.076126 707.399261
935.939140 709.912126
933.269405 734.574072
934.861450 711.418455
906.080246 706.874878
899.102612 717.806962
898.017826 704.731386
887.790012 709.192822
919.157581 709.481792
914.573936 727.961805
884.814491 699.432199
897.530079 701.820245
972.786140 693.590798
995.110245 692.007158
1009.327469 692.009089
1027.200623 692.147169
1018.415794 693.053863
997.907295 698.567219
985.179062 703.293679
970.138206 707.685399
975.336113 731.805904
970.638199 709.092722
1000.098267 700.569863
1008.462181 710.719686
1008.535423 697.393055
1019.332581 700.670671
986.692886 704.903970
993.604774 722.730596
1021.144638 690.963027
1009.005318 694.604223
