795.000000 519.000000
796.000000 540.000000
798.000000 561.000000
800.000000 583.000000
803.000000 604.000000
808.000000 624.000000
814.000000 646.000000
821.000000 665.000000
830.000000 685.000000
841.000000 704.000000
854.000000 721.000000
868.000000 738.000000
882.000000 754.000000
897.000000 769.000000
914.000000 779.000000
934.000000 785.000000
954.000000 786.000000
975.000000 782.000000
995.000000 774.000000
1014.000000 762.000000
1030.000000 748.000000
1046.000000 732.000000
1061.000000 714.000000
1073.000000 695.000000
1084.000000 675.000000
1092.000000 654.000000
1097.000000 633.000000
1100.000000 611.000000
1101.000000 589.000000
1101.000000 565.000000
1100.000000 543.000000
1099.000000 521.000000
1098.000000 498.000000
808.000000 502.000000
828.000000 478.000000
852.000000 475.000000
876.000000 475.000000
900.000000 477.000000
902.000000 493.000000
877.000000 492.000000
852.000000 492.000000
829.000000 494.000000
960.000000 470.000000
985.000000 463.000000
1012.000000 457.000000
1040.000000 459.000000
1065.000000 479.000000
1041.000000 474.000000
1013.000000 475.000000
987.000000 480.000000
961.000000 486.000000
933.000000 518.000000
934.000000 554.000000
935.000000 589.000000
936.000000 623.000000
902.000000 631.000000
921.000000 636.000000
940.000000 640.000000
959.000000 633.000000
978.000000 626.000000
838.000000 528.000000
851.000000 518.000000
865.000000 513.000000
884.000000 515.000000
900.000000 525.000000
884.000000 530.000000
867.000000 533.000000
852.000000 533.000000
973.000000 518.000000
987.000000 505.000000
1005.000000 500.000000
1022.000000 502.000000
1038.000000 510.000000
1023.000000 517.000000
1007.000000 520.000000
990.000000 519.000000
879.000000 676.000000
904.000000 671.000000
930.000000 669.000000
943.000000 669.000000
955.000000 666.000000
984.000000 664.000000
1013.000000 664.000000
994.000000 683.000000
971.000000 699.000000
945.000000 706.000000
920.000000 703.000000
898.000000 691.000000
883.000000 677.000000
914.000000 680.000000
944.000000 682.000000
976.000000 675.000000
1008.000000 666.000000
976.000000 677.000000
944.000000 684.000000
913.000000 682.000000
870.000000 522.000000
1006.000000 509.000000
