794.000000 519.000000
796.000000 541.000000
797.000000 562.000000
800.000000 584.000000
803.000000 605.000000
807.000000 625.000000
813.000000 646.000000
820.000000 666.000000
829.000000 685.000000
840.000000 704.000000
852.000000 721.000000
866.000000 738.000000
881.000000 754.000000
896.000000 768.000000
914.000000 779.000000
934.000000 785.000000
954.000000 786.000000
976.000000 781.000000
996.000000 773.000000
1014.000000 760.000000
1031.000000 746.000000
1047.000000 730.000000
1062.000000 713.000000
1074.000000 694.000000
1085.000000 674.000000
1093.000000 653.000000
1097.000000 632.000000
1099.000000 610.000000
1100.000000 589.000000
1100.000000 566.000000
1099.000000 544.000000
1099.000000 522.000000
1098.000000 500.000000
808.000000 503.000000
827.000000 479.000000
851.000000 475.000000
876.000000 475.000000
900.000000 477.000000
901.000000 493.000000
876.000000 493.000000
852.000000 493.000000
828.000000 496.000000
957.000000 471.000000
985.000000 463.000000
1012.000000 458.000000
1039.000000 458.000000
1065.000000 479.000000
1040.000000 473.000000
1013.000000 475.000000
986.000000 480.000000
959.000000 486.000000
932.000000 519.000000
933.000000 554.000000
934.000000 588.000000
936.000000 620.000000
901.000000 631.000000
920.000000 636.000000
939.000000 639.000000
959.000000 632.000000
978.000000 625.000000
838.000000 529.000000
850.000000 520.000000
865.000000 515.000000
884.000000 516.000000
899.000000 527.000000
884.000000 531.000000
867.000000 534.000000
852.000000 534.000000
972.000000 519.000000
987.000000 506.000000
1005.000000 500.000000
1022.000000 502.000000
1037.000000 510.000000
1023.000000 518.000000
1008.000000 521.000000
990.000000 520.000000
877.000000 677.000000
903.000000 672.000000
929.000000 669.000000
943.000000 669.000000
955.000000 666.000000
984.000000 665.000000
1012.000000 665.000000
993.000000 684.000000
971.000000 700.000000
945.000000 707.000000
920.000000 704.000000
897.000000 692.000000
882.000000 678.000000
913.000000 682.000000
944.000000 683.000000
976.000000 676.000000
1007.000000 667.000000
976.000000 677.000000
944.000000 684.000000
912.000000 682.000000
870.000000 524.000000
1007.000000 509.000000
