1.074720497131347656e+03 4.860912036895751953e+02
1.036606407165527344e+03 4.736552381515502930e+02
1.059020805358886719e+03 4.768943274021148682e+02
9.666622924804687500e+02 4.921681451797485352e+02
1.067785949707031250e+03 4.641628575325012207e+02
1.006109504699707031e+03 4.775287878513336182e+02
1.008629150390625000e+03 4.627245068550109863e+02
1.084038047790527344e+03 4.765274012088775635e+02
1.041868400573730469e+03 4.584982895851135254e+02
9.709372329711914062e+02 4.694217789173126221e+02
8.021697807312011719e+02 5.048630189895629883e+02
8.347709655761718750e+02 4.884415590763092041e+02
8.148250579833984375e+02 4.941479694843292236e+02
9.023634338378906250e+02 4.970364832878112793e+02
8.057449150085449219e+02 4.826819443702697754e+02
8.633357620239257812e+02 4.879739212989807129e+02
8.590620231628417969e+02 4.738567578792572021e+02
7.929703330993652344e+02 4.962052989006042480e+02
8.281432914733886719e+02 4.742189204692840576e+02
8.954553794860839844e+02 4.752104258537292480e+02
1.048210487365722656e+03 5.202130866050720215e+02
1.054106483459472656e+03 5.155756545066833496e+02
9.819532012939453125e+02 5.245137834548950195e+02
1.031961936950683594e+03 5.267494583129882812e+02
1.018102912902832031e+03 5.286952292919158936e+02
1.004840011596679688e+03 5.281323838233947754e+02
9.924382781982421875e+02 5.260074627399444580e+02
9.851020431518554688e+02 5.252790498733520508e+02
9.957608413696289062e+02 5.121641099452972412e+02
1.009666900634765625e+03 5.070479357242584229e+02
1.023560714721679688e+03 5.057193088531494141e+02
1.037284126281738281e+03 5.077601265907287598e+02
1.045689468383789062e+03 5.113454139232635498e+02
1.041493606567382812e+03 5.235286831855773926e+02
9.861364746093750000e+02 5.195975518226623535e+02
1.050482139587402344e+03 5.138182067871093750e+02
8.306192207336425781e+02 5.339462327957153320e+02
8.247295188903808594e+02 5.304301142692565918e+02
8.944269561767578125e+02 5.300879073143005371e+02
8.465834426879882812e+02 5.381775999069213867e+02
8.603375816345214844e+02 5.385088956356048584e+02
8.732022285461425781e+02 5.364139401912689209e+02
8.848323440551757812e+02 5.328566229343414307e+02
8.915748596191406250e+02 5.311078333854675293e+02
8.802275276184082031e+02 5.196340835094451904e+02
8.664158821105957031e+02 5.165499722957611084e+02
8.526985359191894531e+02 5.170715546607971191e+02
8.396111869812011719e+02 5.206398153305053711e+02
8.320266151428222656e+02 5.253395605087280273e+02
8.371343421936035156e+02 5.361809420585632324e+02
8.898672866821289062e+02 5.256871747970581055e+02
8.277974510192871094e+02 5.282800877094268799e+02
9.349746322631835938e+02 5.168648850917816162e+02
9.354111099243164062e+02 5.388838040828704834e+02
9.358576011657714844e+02 5.603180551528930664e+02
9.362524223327636719e+02 5.804685473442077637e+02
9.367724990844726562e+02 6.021067643165588379e+02
9.377640724182128906e+02 6.272849178314208984e+02
8.860982894897460938e+02 6.296741223335266113e+02
8.954441070556640625e+02 6.495498061180114746e+02
9.201929283142089844e+02 6.574210810661315918e+02
9.411714935302734375e+02 6.580895948410034180e+02
9.626926803588867188e+02 6.551230287551879883e+02
9.889820480346679688e+02 6.446950507164001465e+02
9.974284744262695312e+02 6.236844706535339355e+02
9.442632865905761719e+02 6.994665741920471191e+02
9.461828041076660156e+02 7.123273372650146484e+02
9.460318565368652344e+02 7.137068510055541992e+02
9.476085090637207031e+02 7.379519820213317871e+02
9.242820739746093750e+02 6.965084409713745117e+02
9.050794601440429688e+02 6.988531637191772461e+02
8.933296966552734375e+02 7.025360727310180664e+02
8.791786193847656250e+02 7.076733613014221191e+02
8.874858283996582031e+02 7.066063141822814941e+02
9.061223030090332031e+02 7.079987025260925293e+02
9.176122856140136719e+02 7.099236488342285156e+02
9.310918807983398438e+02 7.117228102684020996e+02
9.281021690368652344e+02 7.370898342132568359e+02
9.297558975219726562e+02 7.133925175666809082e+02
9.034087371826171875e+02 7.102428102493286133e+02
8.963929367065429688e+02 7.216616821289062500e+02
8.961589622497558594e+02 7.089290857315063477e+02
8.864730262756347656e+02 7.142916154861450195e+02
9.153237533569335938e+02 7.120043778419494629e+02
9.105746841430664062e+02 7.309110546112060547e+02
8.838618278503417969e+02 7.045975542068481445e+02
8.961565017700195312e+02 7.063334369659423828e+02
9.645288848876953125e+02 6.944949173927307129e+02
9.858619308471679688e+02 6.948500633239746094e+02
9.998242950439453125e+02 6.969419932365417480e+02
1.017017555236816406e+03 7.001154541969299316e+02
1.008501777648925781e+03 6.997763371467590332e+02
9.885587310791015625e+02 7.032614922523498535e+02
9.762450027465820312e+02 7.066995906829833984e+02
9.620642852783203125e+02 7.100187921524047852e+02
9.678916168212890625e+02 7.349387454986572266e+02
9.629968643188476562e+02 7.116751098632812500e+02
9.910984039306640625e+02 7.052280235290527344e+02
9.996072006225585938e+02 7.159620308876037598e+02
9.991870880126953125e+02 7.029895162582397461e+02
1.009840049743652344e+03 7.073455095291137695e+02
9.782555007934570312e+02 7.084056043624877930e+02
9.854917144775390625e+02 7.267169594764709473e+02
1.011148223876953125e+03 6.977507758140563965e+02
9.992084884643554688e+02 7.004574036598205566e+02
