1: 1430 1441 2140
2: 16 27 18
3: 18 1425 1429
4: 3851 3880 3912
5: 2138 3865 3864
6: 2135 3859 27
7: 3863 2135 2134
8: 3865 3892 694
9: 16 18 17
10: 672 673 3868
11: 2567 3159 2578
12: 335 337 338
13: 2562 337 2566
14: 3684 3788 3741
15: 3157 3706 3708
16: 3154 338 3696
17: 3154 3705 3153
18: 3708 2189 3763
19: 335 336 337
20: 3712 2178 2177
21: 815 807 822
22: 1200 1151 1195
23: 1371 1369 1368
24: 883 994 991
25: 882 881 878
26: 881 897 896
27: 904 905 1352
28: 1374 1353 1369
29: 1341 1331 1340
30: 1342 1343 3855
31: 3855 1294 1344
32: 1224 1216 1218
33: 1217 1202 1216
34: 816 995 814
35: 3833 1336 1337
36: 1201 1200 1183
37: 2271 2264 2268
38: 2448 2447 2425
39: 2517 2518 2520
40: 2355 2358 2295
41: 2294 2290 2293
42: 2293 2298 2299
43: 2304 2503 2305
44: 2504 2523 2518
45: 2492 2491 2486
46: 2493 3689 2494
47: 3689 2495 2473
48: 2381 2451 2453
49: 2450 2452 2451
50: 2359 2269 2267
51: 3632 2488 2487
52: 2441 2448 2449
53: 703 3553 3560
54: 3518 738 3516
55: 1895 3561 3548
56: 1757 3521 3501
57: 1818 3508 3526
58: 3564 3563 1817
59: 2741 2740 3092
60: 2788 2751 2740
61: 2791 2793 2790
62: 1692 3556 3507
63: 1676 1674 1673
64: 1671 1604 1623
65: 2057 1604 1605
66: 1657 3541 3543
67: 1669 3531 3533
68: 1849 3504 3506
69: 3503 3511 1866
70: 2810 2774 2775
71: 2811 2812 2813
72: 2850 2864 2834
73: 2820 2819 2712
74: 2712 2715 2828
75: 2852 2851 2853
76: 2787 2865 2849
77: 2865 2787 2786
78: 2905 2904 2949
79: 2938 2928 2907
80: 2896 2890 2895
81: 2899 2881 2878
82: 2895 2891 2894
83: 2878 2880 2879
84: 2907 2892 2896
85: 2904 2898 2899
86: 2834 2826 2831
87: 2853 2848 2837
88: 1693 1658 1657
89: 1695 1694 1696
90: 1735 1717 1749
91: 1703 1576 1702
92: 1711 1579 1576
93: 1737 1738 1736
94: 1670 1734 1750
95: 1750 1669 1670
96: 1802 1866 1801
97: 1826 1849 1804
98: 1787 1793 1792
99: 1774 1796 1770
100: 1792 1791 1788
101: 1773 1770 1771
102: 1789 1804 1793
103: 1795 1801 1796
104: 1717 1714 1709
105: 1738 1720 1733
