1 0.05306055755509754 0.03548730498444952 0.028618512939051256
2 0.03901159700185864 0.041499941887551836 0.04149688281776104
3 0.047109881327751735 0.03963844034268742 0.035692167736624696
4 0.013215176952649385 0.03502580701210569 0.04634663518074011
5 0.05076034005350544 0.04451619934619126 0.02938696263610286
6 0.02872436455347431 0.040335959506859 0.04523295334331858
7 0.029468022985469102 0.04559653122583829 0.04556502868137823
8 0.05757766390356625 0.03886531597853661 0.018395888997863055
9 0.04097783356317862 0.046854416969449364 0.0388043467807816
10 0.014903626153277765 0.04362514607259887 0.04928875024180102
11 -0.05285697912220774 0.035066503814150815 0.027783138637093533
12 -0.03845675610364716 0.04115286128475751 0.040530235152524796
13 -0.04673279792575327 0.03922147916401071 0.03483912505431081
14 -0.012575283201660424 0.03497806084633884 0.045770852420640974
15 -0.050463591426134956 0.04409386810180255 0.028738648230841393
16 -0.028083395722147936 0.04015523862315279 0.04416861913208694
17 -0.028767255535377834 0.04539023251658232 0.044575057602173014
18 -0.05749174825090249 0.03848959966767771 0.017742863131698847
19 -0.040420315521197486 0.04645624444878429 0.0379643699875838
20 -0.014152441745513123 0.043638633166450023 0.048627156270036186
21 0.041822207199875824 0.018577506335813638 0.03283960683571463
22 0.044484628784615 0.02205691685077713 0.02993244510359682
23 0.017684368914491662 0.019043519620483215 0.03583235962225616
24 0.03498377532609713 0.017428630018746647 0.03743203629980082
25 0.030900793963226834 0.01665709742564826 0.03797634602074809
26 0.026595196806981896 0.0171153196527305 0.0376760952844781
27 0.021716263696861277 0.0181517645337795 0.036569851945935865
28 0.019074649716733116 0.018572023819372296 0.03617629339484157
29 0.022887800900731673 0.02352938646867192 0.036648923778788554
30 0.02827154566169448 0.026502415438184143 0.038264084406618395
31 0.03262685385338242 0.02712176169300483 0.038324031225043076
32 0.03886714150123126 0.026534517603516206 0.03651553668957801
33 0.04211873785574951 0.024952299739971512 0.033961488968854286
34 0.0382354048361334 0.017752029291601214 0.03554396469778305
35 0.019859623164850397 0.020918770993763793 0.03549268656999085
36 0.04362396423060809 0.02339969133042864 0.03171915183612903
37 -0.04199214618924094 0.018208679681127937 0.03182995010415032
38 -0.04457138388040568 0.021675165943845644 0.028937705611861413
39 -0.01763750643557935 0.018883890878606653 0.034728814586435765
40 -0.03502832176741093 0.017158700831706175 0.036306634337816224
41 -0.030925505916747004 0.01638347404655344 0.03680102701169819
42 -0.026610020361653438 0.016866354058009965 0.036484791420744615
43 -0.02170827607495779 0.017954303794380528 0.035379526569827985
44 -0.0190410864476266 0.018393778684966583 0.035030224403861984
45 -0.022719820086669975 0.023251601770167933 0.03535798399007255
46 -0.028079272187237964 0.02618985043620383 0.03702166517070144
47 -0.03242175623440435 0.026741879213211063 0.03712234840742088
48 -0.03871903476856259 0.02601684435743625 0.03537942297992907
49 -0.042020150427970894 0.024409926021194676 0.03286188562331652
50 -0.038342704088822566 0.017414296947997697 0.03450534354554266
51 -0.01979223555814255 0.020697572168617312 0.034231364654270034
52 -0.04360872049700931 0.022945132531812094 0.030660531936135837
53 0.0007230942950675247 0.023478473050355813 0.052383838930660134
54 0.000655886011875529 0.01638916109172115 0.0576656582956214
55 0.0005929446187721552 0.009591104019984694 0.0628484332462641
56 0.0005409558775893887 0.0034453965306542565 0.06784473610377617
57 0.0005991943563196672 -0.002722599916174366 0.07259988695754734
58 0.0006170252022275906 -0.010652872490618576 0.07498429909823602
59 -0.020092857282079626 -0.016202874347501367 0.045683991301023616
60 -0.016672558515144213 -0.022542909284485626 0.04871424664471966
61 -0.0072929356886276536 -0.023404182473670404 0.05598260090393639
62 0.00010866482354217089 -0.02357306298009481 0.05929735218824468
63 0.007519853571329537 -0.02349502197639897 0.05650882910133591
64 0.016581955096969192 -0.022630330062427796 0.04926712900931663
65 0.019803779914113154 -0.016252199855999273 0.04628610883099695
66 0.00023745046707489075 -0.037763470778892014 0.06013020206034893
67 0.0002575864084558395 -0.04408593526175847 0.056644021549988786
68 0.00023373096596859672 -0.04559100309673433 0.056847811627323566
69 0.00019434076894684377 -0.05395973619493528 0.05743062194622005
70 -0.007438880832915874 -0.03670958774679332 0.05871739098114433
71 -0.015005068668022493 -0.03864020258319384 0.05499182211540443
72 -0.020468522203345493 -0.04148884101314006 0.05039118481442326
73 -0.02613420664847825 -0.045848122407528065 0.043691823360962126
74 -0.02393635961831735 -0.04560381406585505 0.044140315043575844
75 -0.016742919983867843 -0.04429567857266227 0.05051757530019062
76 -0.01232296730964845 -0.0433042420092405 0.054007070651359346
77 -0.006536845942437765 -0.04320371569189077 0.05667173694836579
78 -0.007395561199276977 -0.054415566383687344 0.05601228729668225
79 -0.006274157533653136 -0.045262976234110464 0.05583495907294168
80 -0.016499507693253094 -0.04534767182132965 0.04959428850539031
81 -0.019981692627772912 -0.050247530462123616 0.048429505907134116
82 -0.02017052127046533 -0.045492032500508324 0.04629702217680543
83 -0.023552206172128984 -0.048352311238442025 0.04497420566234987
84 -0.011514649347487013 -0.0451524198114332 0.05325348938312936
85 -0.013986660041971497 -0.052484844714565354 0.053326304447745165
86 -0.0240703579490376 -0.04389813597045788 0.04639096074066359
87 -0.020766319619269016 -0.045318960342224185 0.04626161758881243
88 0.007909365713303 -0.03674182653028355 0.05907086374964679
89 0.015389684408062411 -0.038751046392921866 0.055418384725671
90 0.02079710746279915 -0.041687641835641054 0.0508355487105108
91 0.02633392676027814 -0.04629520404697967 0.044175804083846804
92 0.02410388368454626 -0.045987670365158245 0.04444044166848905
93 0.017141029533000403 -0.044408206297420094 0.05083020304534453
94 0.012776803189779048 -0.04342079856487701 0.05431513354672792
95 0.007070816881665873 -0.043307666007826165 0.05687826103982339
96 0.007570008838039281 -0.054592848175409076 0.0563090746351932
97 0.0067633147273641735 -0.045276845747335454 0.056013480042907515
98 0.01677228065344 -0.04554903525094289 0.04976144610795068
99 0.019987676937501992 -0.05060551588243741 0.04854812356209828
100 0.0203528934373742 -0.04575447396768761 0.04643083617837496
101 0.02361365891237483 -0.04876703511167965 0.04518579036079454
102 0.011901655366678525 -0.045244519724316 0.05345921905504817
103 0.014100446535613516 -0.05274216850787598 0.05351575152213642
104 0.024376878773749354 -0.044222981954545104 0.04684371078642494
105 0.021093889723330005 -0.04550281341497389 0.046559939700252545
