-2.01413
-2.67886
-0.47238
-0.991632
-2.9927
-1.51406
-0.0533777
-1.81452
-0.17616
-0.814182
-2.31931
-0.953238
-2.38519
-1.30553
-1.51831
-1.55931
-2.6875
-3.53871
-1.67537
-2.11666
-1.24113
-0.0855529
-2.17771
-1.95197
-1.14735
-1.25652
-1.56223
-0.881425
-0.630857
-2.10481
-4.0711
-3.42635
-3.69146
-2.93097
-2.0139
-0.795734
-1.26114
-2.5232
-0.312698
-0.82914
-3.7803
-1.49596
-0.700778
-1.5723
-0.967509
0.476379
-1.77726
-1.5539
-0.560627
0.689545
1.68621
1.02425
0.83943
0.790174
0.889354
-0.687194
1.3863
1.20267
-3.58607
0.84233
-0.0855565
-0.80131
-1.31748
-0.560584
1.882
1.56053
-0.276884
0.0464846
1.95203
0.370671
-0.160212
-0.363439
0.40382
-0.403189
2.3386
-0.865724
-0.51184
1.71289
0.0920102
1.13447
1.27079
0.790814
1.70783
1.85516
-0.846868
0.934797
-0.217628
2.44769
1.26566
1.97931
2.77588
-0.437554
1.64065
-0.869973
-0.653833
-0.49985
1.23749
1.32451
3.07369
1.59658
0.934114
1.65405
-0.0834797
0.898753
1.1528
-1.31992
-0.390703
1.71437
-0.0613437
1.18403
1.17846
-1.60805
2.50055
-1.19861
2.07565
-0.779581
1.64415
2.12491
-1.46537
-2.17337
-2.57703
-1.90514
-1.60978
-3.01916
-4.25428
-0.238603
-0.302605
2.49639
0.123452
1.93963
0.00790714
2.88785
0.451822
-1.38526
0.234422
1.05048
-0.475909
0.983012
-1.25205
1.58725
1.56806
0.61961
-0.0088513
1.32027
-0.506243
0.968508
1.08945
1.42904
1.69813
1.38981
0.905369
-3.88785
-2.31676
-2.13548
-0.601431
-2.36616
0.0746902
1.03077
3.78054
-0.375036
1.20161
0.388562
2.06396
-0.360493
-0.730398
-1.25485
2.2876
-4.75121
-1.4852
1.45265
0.967393
0.84767
1.71181
0.942763
4.43767
2.21134
0.786403
-0.077017
-0.863109
0.00419221
0.487558
-0.238709
0.853413
2.08243
4.08823
4.68446
1.33745
3.11009
3.92559
0.307862
-0.837368
3.02224
1.46536
5.76643
2.24511
2.53537
-0.145478
-0.0774114
1.7766
1.38329
0.0114852
-0.328195
1.00594
-0.267808
3.34156
3.85929
0.292352
2.06224
1.45569
1.75244
1.82559
1.96003
1.14215
0.693108
-0.399552
0.596822
-0.774991
1.26231
1.98169
1.42359
1.71421
-0.0700883
-0.332968
0.957861
-0.0190178
-0.228057
-1.03405
1.34148
0.691347
0.982818
-0.306482
1.64318
1.83265
0.140989
-0.0234842
1.55504
-1.01702
-0.343259
-1.10385
0.78185
1.66159
0.960694
1.60376
3.2457
1.41612
3.38022
-0.0874791
0.472683
0.288412
2.28524
-0.248792
5.7029
0.516842
-0.625856
-1.14445
-0.329132
-0.834688
-1.52029
-0.929321
-0.577301
-0.485641
-0.202807
-0.218625
-0.585146
-1.18669
-1.17327
-2.16408
-0.924064
-1.289
0.166453
1.36393
2.34585
0.91147
-0.0906665
0.151419
0.804602
0.52033
0.233742
-0.375608
1.98178
0.784791
0.993784
0.901008
-1.78462
0.255867
-0.567919
1.61709
2.19585
1.40997
3.79145
1.72211
0.541415
-0.278234
2.69179
2.12902
2.14259
1.62115
0.875386
2.49746
0.902462
1.57675
1.36621
-0.262387
1.3808
1.43023
1.24695
-0.483799
1.04334
2.52636
0.890266
-0.0710177
0.679268
1.7819
2.13239
0.791001
3.62615
1.10373
2.44245
2.34785
0.774877
2.16327
2.17175
1.09974
-2.21145
4.60285
1.44795
0.510257
2.88829
1.28235
-0.119496
0.555562
0.652855
1.5313
0.381211
1.00091
2.30872
-1.78692
-0.49844
0.361728
0.274523
-0.614063
-2.42771
3.44478
1.80244
2.29168
1.7044
1.23508
3.64529
2.08916
4.40873
-0.196101
1.63506
3.50193
-1.45332
-0.6525
0.621418
1.00225
-1.52041
-0.298998
-0.154503
-1.84583
0.88827
1.17166
1.44358
-0.0711612
1.06887
1.99725
3.14183
-0.950272
0.481082
1.44661
0.692523
-1.32319
1.70079
0.421338
1.96
1.24623
-3.59524
0.435338
1.74162
0.698843
0.980558
0.71092
3.36063
3.18031
1.50164
2.22083
-2.1002
0.642984
-0.888518
0.169466
-0.402612
0.54373
1.40832
0.260083
1.90105
1.64768
2.16251
2.65932
0.924907
