1074.382210 486.017239
1036.156769 473.526814
1058.617058 476.820459
966.285896 491.802024
1067.363663 464.123847
1005.637321 477.274482
1008.115997 462.461414
1083.677788 476.419802
1041.366234 458.369704
970.486336 469.049767
802.128811 504.970490
834.572296 488.374933
814.691563 494.209253
902.127285 496.667819
805.636482 482.753109
863.098583 487.727180
858.802071 473.592314
793.022804 496.316310
827.948284 474.154741
895.158176 474.786626
1047.915688 519.903549
1053.838463 515.347581
981.863937 523.999218
1031.668854 526.281917
1017.831573 528.174806
1004.614677 527.598410
992.260895 525.474229
984.983253 524.735516
995.632439 511.952934
1009.508629 507.001137
1023.333321 505.749532
1037.006493 507.763699
1045.388603 511.275473
1041.181641 523.145471
986.043892 519.175909
1050.178070 513.677262
830.617218 533.985887
824.701252 530.564203
894.195442 529.768424
846.595974 538.017826
860.331917 538.254139
873.139687 536.114252
884.708118 532.531571
891.386662 530.770165
880.077267 519.636272
866.339493 516.740130
852.684288 517.323736
839.623547 520.898080
832.029648 525.549288
837.151222 536.125613
889.658604 525.476321
827.774906 528.469473
934.760399 516.437674
935.192299 538.400395
935.650692 559.836931
936.062107 579.991093
936.593513 601.648364
937.621422 626.884646
885.843201 629.363716
895.169735 649.208179
920.003986 657.107649
941.098766 657.762709
962.799454 654.705698
989.208527 644.143181
997.645454 623.112838
944.192562 699.292188
946.156654 712.193248
946.025276 713.536713
947.652569 737.857997
924.112759 696.369524
904.812756 698.739674
892.993698 702.416081
878.795300 707.537792
887.215176 706.463535
905.865211 707.882252
917.402744 709.825802
930.950375 711.609964
928.043060 737.033894
929.643002 713.243945
903.177738 710.097134
896.157818 721.594927
895.922585 708.769441
886.155052 714.168277
915.134239 711.879237
910.414410 730.873268
883.479252 704.486318
895.876980 706.205463
964.532433 694.256673
985.965843 694.522662
999.991493 696.563544
1017.277107 699.667804
1008.769226 699.356496
988.775024 702.940142
976.423416 706.441262
962.133751 709.828184
967.980194 734.800601
963.046761 711.445749
991.278191 704.895859
999.807472 715.666687
999.392853 702.613835
1010.086327 706.963327
978.368568 708.135495
985.639687 726.506653
1011.389236 697.321408
999.460945 700.081401
