1073.533745 486.072793
1035.479507 473.803715
1057.849274 476.982712
965.763931 492.344688
1066.570358 464.222789
1005.047951 477.671889
1007.545395 462.855699
1082.780800 476.436989
1040.695152 458.609236
969.956589 469.588859
801.051922 505.472342
833.828773 489.015477
813.795662 494.792022
901.651211 497.373830
804.571552 483.317596
862.530670 488.451247
858.164577 474.335307
791.753883 496.772586
827.095299 474.803363
894.652920 475.546678
1047.141380 519.984337
1053.062096 515.403038
981.243896 524.338914
1030.852432 526.450703
1017.009659 528.391067
1003.826752 527.824842
991.531105 525.713471
984.311600 525.032147
994.940529 512.207143
1008.742790 507.206132
1022.548141 505.918479
1036.235619 507.893604
1044.653893 511.367880
1040.389824 523.268262
985.395126 519.494652
1049.467163 513.743341
829.856758 534.341354
823.873615 530.901582
893.528996 530.202395
845.997906 538.428204
859.791756 538.644240
872.571373 536.483141
884.111481 532.895665
890.752316 531.167475
879.327736 520.055147
865.544758 517.148931
851.892929 517.744864
838.844204 521.326772
831.231537 525.963657
836.487007 536.514233
888.953419 525.913188
826.961288 528.841581
934.333820 517.067274
934.936638 539.109271
935.516911 560.664768
936.042824 580.935767
936.677914 602.732728
937.794456 628.040464
885.681725 629.955497
895.100441 649.881907
920.036087 657.925186
941.126518 658.640113
962.661324 655.542226
988.859138 644.866734
997.150497 623.763649
944.206810 699.683962
946.097031 712.455633
946.027164 713.427987
947.700920 737.692559
924.162312 696.718554
904.878731 698.982811
893.102188 702.528992
878.950253 707.399068
887.214489 706.389055
905.845242 707.954414
917.371101 709.955964
930.925198 711.831729
928.173580 736.866717
929.712181 713.141656
903.282566 709.977593
896.386986 721.440947
895.977230 708.677967
886.348629 714.037664
915.229454 711.747658
910.620346 730.705383
883.633919 704.457479
895.868912 706.213703
964.460793 694.659777
985.756874 694.903429
999.625168 696.885924
1016.685905 699.835947
1008.220024 699.569571
988.386612 703.212376
976.138000 706.716521
961.999054 710.096233
967.921257 734.663937
962.969627 711.390646
990.939217 704.942658
999.431992 715.685935
998.971252 702.739749
1009.548798 707.077589
978.188210 708.110132
985.435066 726.436293
1010.860176 697.579415
998.985672 700.344172
