1073.933945 485.864160
1035.825577 473.310328
1058.216858 476.636546
966.158524 491.514148
1066.936684 463.987634
1005.405693 477.047020
1007.897530 462.280719
1083.203201 476.332544
1041.034355 458.208257
970.405884 468.808208
802.437115 504.227561
834.960537 487.682987
815.069904 493.462043
902.285728 496.210964
806.037941 482.038697
863.416958 487.156770
859.160099 473.063264
793.294830 495.611490
828.363190 473.502513
895.374985 474.371935
1047.555656 519.665079
1053.438606 515.071614
981.512947 523.825668
1031.390877 526.120244
1017.581978 528.042938
1004.350548 527.483858
991.974335 525.360643
984.657097 524.603455
995.271149 511.499780
1009.128914 506.402049
1022.985077 505.105158
1036.656418 507.172047
1045.035782 510.791227
1040.870361 522.938865
985.683060 518.911110
1049.804993 513.292762
830.705738 533.195354
824.828625 529.699867
894.343243 529.321675
846.627674 537.395242
860.349655 537.726216
873.186493 535.655272
884.795952 532.117331
891.513863 530.358338
880.202923 518.854719
866.451302 515.754901
852.767658 516.247387
839.698620 519.827138
832.115822 524.538857
837.205467 535.414807
889.806976 524.911029
827.898445 527.517557
934.718399 516.053367
935.139198 537.979653
935.576820 559.379432
935.970268 579.489434
936.486168 601.096687
937.492046 626.255722
885.861683 628.788350
895.151939 648.616719
919.902477 656.474347
940.941467 657.126188
962.516670 654.161682
988.816338 643.747995
997.229919 622.783763
944.128532 698.800056
946.074772 711.610672
945.896473 712.882361
947.491665 737.017221
924.102230 695.836000
904.844055 698.148794
892.990150 701.777823
878.707008 706.807609
887.041626 705.759809
905.754719 707.234788
917.326069 709.202285
930.868435 711.004021
927.947102 736.177862
929.537888 712.563651
903.049450 709.421282
896.080284 720.818009
895.760021 708.093266
886.070766 713.445239
915.022659 711.195531
910.345745 730.031526
883.430557 703.799136
895.723000 705.521436
964.435272 693.815653
985.849113 694.104366
999.924774 696.118855
1017.264633 699.124882
1008.752060 698.808811
988.743324 702.417047
976.357841 705.916622
962.084541 709.271357
967.807617 734.011195
962.938156 710.819850
991.235161 704.327960
999.688339 715.027077
999.376259 702.068274
1010.032654 706.397681
978.294525 707.542169
985.488625 725.780268
1011.363029 696.829598
999.453392 699.539702
