1073.956718 485.523305
1035.726013 473.119880
1058.208160 476.365310
965.823898 491.524608
1066.961517 463.654600
1005.194435 476.967005
1007.675056 462.171092
1083.278618 475.937551
1040.942917 457.968307
970.057297 468.812488
802.300129 504.152051
834.605999 487.836581
814.799709 493.507007
901.849308 496.362948
805.818386 482.050220
862.983971 487.351466
858.712234 473.248047
793.196239 495.473732
828.010654 473.627397
894.905663 474.561996
1047.443504 519.327024
1053.368111 514.686567
981.338997 523.547480
1031.171951 525.832593
1017.332268 527.729763
1004.101639 527.144129
991.742363 525.010647
984.452133 524.298971
995.133591 511.165556
1009.007607 506.010275
1022.899246 504.705144
1036.587067 506.788191
1044.962196 510.416061
1040.707054 522.645518
985.516090 518.622172
1049.729919 512.924516
830.553417 532.933613
824.678249 529.422516
894.032764 529.085974
846.485939 537.124586
860.197964 537.435926
872.998009 535.334984
884.548073 531.798588
891.222267 530.081824
879.915905 518.598772
866.168346 515.480125
852.480011 515.985678
839.424992 519.581748
831.885052 524.302318
837.057209 535.148849
889.490089 524.677967
827.702579 527.268820
934.306240 516.128908
934.706097 538.172096
935.124207 559.691384
935.497971 579.954271
935.992241 601.713767
936.994228 627.026525
885.778141 628.957715
895.021534 648.918114
919.649563 656.944399
940.601807 657.668982
962.103539 654.637399
988.386497 644.057050
996.817131 622.983963
943.792648 698.773599
945.797195 711.566770
945.650940 713.112366
947.256260 737.365866
923.909111 695.805616
904.879417 698.119183
893.296452 701.782007
879.396515 706.959786
887.709904 705.903618
906.139240 707.247341
917.484913 709.160829
930.837078 710.955548
927.889767 736.481187
929.494057 712.774601
903.424816 709.566057
896.426296 720.986538
896.283588 708.228514
886.614075 713.578041
915.188599 711.365476
910.469112 730.271702
883.993607 703.871040
896.301498 705.598297
964.016762 693.822606
985.350151 694.144342
999.296837 696.219535
1016.410904 699.395313
1007.944221 699.051046
988.105774 702.493522
975.835533 705.925119
961.665802 709.258804
967.458344 734.351792
962.562103 711.075153
990.593719 704.568715
999.068184 715.282896
998.648415 702.289202
1009.279404 706.632192
977.786865 707.791808
985.005684 726.101038
1010.591812 697.017245
998.712044 699.695292
