1074.519081 486.299644
1036.739159 473.939316
1059.002495 477.168685
967.080574 492.235093
1067.714424 464.440144
1006.372032 477.719332
1008.914795 462.898539
1083.701591 476.682122
1041.965446 458.753239
971.388245 469.491109
802.455826 504.796264
835.284805 488.549899
815.229607 494.208738
903.037319 497.071019
806.083031 482.706374
863.947735 488.063078
859.672966 473.910381
793.195839 496.040794
828.614388 474.275440
896.112728 475.220597
1047.958374 520.057433
1053.844528 515.422575
982.159309 524.184097
1031.791077 526.534066
1017.992592 528.453251
1004.800072 527.852651
992.511177 525.700371
985.246353 524.946338
995.843239 511.929824
1009.653168 506.876189
1023.500519 505.604500
1037.174606 507.644062
1045.531654 511.235143
1041.259003 523.343192
986.328049 519.296801
1050.270424 513.688431
830.913963 533.565145
824.962063 530.048736
894.650459 529.707720
847.006245 537.797703
860.774574 538.098196
873.589268 535.985216
885.153408 532.434787
891.846256 530.699773
880.483360 519.327346
866.692257 516.275615
852.998600 516.822302
839.916630 520.386121
832.312717 525.030699
837.514343 535.807675
890.111160 525.332608
828.070221 527.947859
935.617504 516.801639
936.153545 538.808423
936.676369 560.378244
937.141914 580.678468
937.714405 602.500470
938.766174 627.813292
886.626320 629.763858
895.984097 649.739642
920.794487 657.700524
941.863689 658.420343
963.333549 655.443220
989.400215 645.032752
997.738266 623.910549
944.854259 699.942162
946.675243 712.815993
946.474400 713.604627
948.023415 737.842999
924.997787 696.943796
905.889072 699.256268
894.179306 702.948768
880.072575 708.006234
888.231583 706.874685
906.839104 708.384039
918.290176 710.341945
931.706429 712.163701
928.692112 737.004025
930.334282 713.271496
904.119987 710.252659
897.171936 721.753542
896.891727 709.036911
887.295856 714.494712
915.988541 711.949146
911.275749 730.890713
884.759960 705.001237
896.903572 706.694376
964.964333 695.045049
986.074905 695.500102
999.836884 697.692583
1016.698952 700.871708
1008.265915 700.420067
988.565598 703.924792
976.424446 707.299290
962.388039 710.560749
968.131027 734.893878
963.304482 711.628375
991.108704 705.474701
999.512787 716.224608
999.072990 703.395452
1009.629364 707.874849
978.409081 708.504224
985.573425 726.776505
1010.974274 698.534324
999.068985 701.161001
