1073.772469 485.844526
1035.460167 473.411683
1057.965202 476.626568
965.517311 492.129328
1066.749687 463.864553
1004.910851 477.344263
1007.431755 462.502066
1083.156624 476.218926
1040.713120 458.198118
969.766731 469.294224
801.657887 505.195860
834.069328 488.619550
814.197807 494.400730
901.544895 497.147205
805.098839 482.954564
862.602997 488.126711
858.239994 473.996415
792.487564 496.548343
827.386379 474.411782
894.548206 475.294915
1047.350349 519.907347
1053.290176 515.170748
981.083221 524.499203
1031.038055 526.607097
1017.133598 528.628024
1003.862915 528.085488
991.459122 525.970480
984.179420 525.254170
994.871292 511.753507
1008.735924 506.410482
1022.643242 504.983686
1036.429367 507.031006
1044.876022 510.732293
1040.612297 523.317443
985.242119 519.445213
1049.688835 513.309982
830.115395 534.155477
824.213848 530.578237
893.864193 530.278291
846.125679 538.502201
859.928341 538.810129
872.782459 536.673009
884.391174 533.068153
891.069260 531.306456
879.574986 519.530153
865.737305 516.291064
851.998730 516.773733
838.907948 520.451782
831.360970 525.281657
836.649227 536.466951
889.255428 525.769701
827.210770 528.325084
933.978138 516.908820
934.407749 538.954132
934.826946 560.481305
935.209236 580.730803
935.684452 602.504911
936.668530 627.807112
885.495815 629.829326
894.733315 649.750779
919.429951 657.798371
940.386143 658.497913
961.888161 655.447533
988.260727 644.790709
996.658630 623.725991
943.591003 699.678619
945.627708 712.313111
945.480366 713.082175
947.094326 737.114167
923.623695 696.715271
904.462280 698.871832
892.743874 702.330723
878.588562 707.063942
886.824760 706.134396
905.459690 707.752926
916.978512 709.773724
930.486546 711.667836
927.658081 736.317680
929.206524 712.815542
902.845345 709.709673
896.014023 721.033659
895.557632 708.410754
885.998669 713.690951
914.758472 711.442595
910.183125 730.212028
883.272171 704.209385
895.469112 705.998569
963.928757 694.679217
985.412750 694.850128
999.534645 696.703942
1016.973953 699.405420
1008.585663 699.195306
988.481712 702.959712
976.016006 706.519797
961.683655 709.929507
967.380753 734.112582
962.532349 711.042709
990.933266 704.594271
999.303360 715.244014
999.168091 702.373273
1009.672394 706.671588
977.954407 707.774620
985.052605 725.944290
1011.036301 697.279243
999.277611 700.032670
