1073.752785 485.045625
1035.338860 472.599875
1057.917137 475.809224
965.374260 491.308508
1066.631012 463.094813
1004.764023 476.579157
1007.247849 461.754180
1083.072281 475.498044
1040.539627 457.421715
969.609604 468.510064
802.058716 504.054590
834.308510 487.565088
814.505482 493.271177
901.504955 496.251100
805.563011 481.825011
862.712173 487.179848
858.426876 473.037965
793.011131 495.429507
827.730217 473.361923
894.564800 474.407276
1047.462845 519.089134
1053.404846 514.380344
981.087456 523.528715
1031.122971 525.733137
1017.195168 527.688081
1003.906403 527.113488
991.489677 524.987633
984.198189 524.284809
994.913177 510.962362
1008.794518 505.692304
1022.710762 504.270433
1036.501694 506.303751
1044.950867 509.971983
1040.714722 522.489220
985.260773 518.539903
1049.764023 512.540789
830.164604 533.021257
824.313011 529.453672
893.810806 529.203068
846.098671 537.318703
859.893665 537.644012
872.743263 535.531129
884.328918 531.955723
891.006260 530.221385
879.611549 518.547724
865.818272 515.334191
852.116203 515.789502
839.032402 519.416471
831.469288 524.204439
836.646023 535.307400
889.236374 524.731654
827.316456 527.226623
933.819981 515.911843
934.165936 537.881452
934.540958 559.351687
934.867115 579.539902
935.296440 601.261160
936.244698 626.548491
885.196781 628.572829
894.379063 648.460100
919.106083 656.573031
940.107708 657.242317
961.647491 654.187496
988.104401 643.433919
996.536980 622.423854
943.461971 698.211558
945.528831 710.814314
945.269279 711.947343
946.872940 735.948758
923.417072 695.285032
904.159641 697.436121
892.352200 700.897908
878.094978 705.698719
886.403275 704.850025
905.118027 706.357448
916.702023 708.353012
930.290737 710.224915
927.404709 735.142744
928.932838 711.669767
902.459049 708.497400
895.602894 719.786174
895.160007 707.161918
885.545540 712.379222
914.428196 710.272100
909.835625 729.007094
882.810059 702.812748
895.063076 704.640040
963.896370 693.195355
985.521126 693.261659
999.769936 695.021682
1017.239571 697.651577
1008.781357 697.562420
988.699265 701.311119
976.159515 704.933517
961.736984 708.406377
967.246170 732.889431
962.417107 709.836681
990.988083 703.152895
999.330940 713.733759
999.272461 700.848470
1009.826088 705.022609
977.933464 706.471260
984.995155 724.605782
1011.332245 695.531709
999.499512 698.354208
