1072.040634 484.707216
1033.751335 472.490280
1056.256256 475.607994
964.119186 491.134508
1064.876747 462.924031
1003.289108 476.448995
1005.718803 461.675774
1081.276932 475.100155
1038.875542 457.355314
968.267212 468.411734
801.045856 504.464518
833.390236 487.972569
813.551731 493.741422
900.536785 496.225190
804.565144 482.370604
861.798763 487.398587
857.479420 473.333212
791.962280 495.856816
826.758270 473.828691
893.548508 474.482270
1045.844078 518.383605
1051.804047 513.664420
979.760742 523.001854
1029.551239 525.009778
1015.672302 526.992821
1002.461243 526.462741
990.101738 524.414070
982.837830 523.729334
993.449821 510.311390
1007.246246 504.967883
1021.143150 503.540636
1034.919777 505.554450
1043.368034 509.247884
1039.096069 521.773778
983.909454 517.970363
1048.179817 511.818845
829.167423 532.942046
823.257523 529.422516
892.742271 528.919022
845.172272 537.137042
858.926754 537.374965
871.733093 535.218855
883.293571 531.638106
889.966164 529.917512
878.513489 518.268313
864.724388 515.083555
850.999489 515.617143
837.912197 519.303946
830.379295 524.131376
835.711155 535.178461
888.156910 524.450827
826.241226 527.177957
932.817650 515.747885
933.236961 537.714468
933.678131 559.242382
934.052925 579.481966
934.517899 601.230905
935.512505 626.498859
884.327831 628.647244
893.544102 648.582730
918.277073 656.601098
939.340839 657.225065
960.914841 654.179127
987.326317 643.498871
995.658989 622.361155
942.637138 698.827865
944.737988 711.510122
944.574223 712.019827
946.253700 736.103382
922.628803 695.850935
903.413143 697.964044
891.623268 701.376972
877.368908 706.032879
885.623302 705.103526
904.385319 706.850481
915.975266 708.954062
929.541664 710.867164
926.788902 735.314684
928.250141 711.749654
901.764050 708.661745
894.951439 720.060210
894.432449 707.369263
884.839897 712.682483
913.753567 710.403807
909.233379 729.225833
882.076664 703.225186
894.308109 705.032845
963.024673 693.779025
984.622421 693.865800
998.864021 695.642560
1016.526031 698.181818
1008.093796 697.971125
987.852402 701.935151
975.308990 705.595078
960.888519 709.069548
966.642380 733.039999
961.726227 709.917405
990.337601 703.387406
998.717995 714.057105
998.607674 701.149285
1009.193001 705.453908
977.246590 706.618352
984.380608 724.806690
1010.507469 696.110616
998.705063 698.909168
