1073.562241 484.579114
1035.518532 472.140155
1057.906265 475.366402
965.674210 490.894493
1066.636848 462.555560
1005.053329 476.087508
1007.518158 461.228060
1082.824059 474.903882
1040.723648 456.898105
969.892159 468.057683
801.773357 504.037499
834.084606 487.518096
814.280148 493.292452
901.550045 495.945618
805.163269 481.815805
862.533073 486.973017
858.189926 472.837282
792.555656 495.331628
827.364693 473.289535
894.520054 474.085250
1047.081985 518.991770
1052.978897 514.278699
980.908127 523.500327
1030.884132 525.668796
1017.012520 527.669317
1003.724327 527.117447
991.310234 525.001924
984.006615 524.258609
994.709129 510.944917
1008.588982 505.730059
1022.496529 504.371628
1036.193161 506.386310
1044.601593 509.989944
1040.387993 522.383680
985.080185 518.504080
1049.379616 512.494698
830.226974 533.050547
824.339275 529.504108
893.956833 529.159069
846.218204 537.365341
860.008850 537.687271
872.872524 535.547415
884.479122 531.942687
891.166821 530.180025
879.705677 518.616571
865.873375 515.508192
852.150993 516.035954
839.086418 519.650595
831.542301 524.366466
836.756115 535.334630
889.379940 524.718490
827.368584 527.330618
934.163647 515.849336
934.677544 538.018116
935.175648 559.599459
935.622139 579.878762
936.182613 601.686795
937.271748 627.003286
885.617695 628.842294
894.878883 648.802178
919.727039 656.885176
940.869312 657.601261
962.428551 654.483676
988.695145 643.757329
996.987991 622.640018
944.134083 698.969615
946.108303 711.488686
945.873013 712.327273
947.494240 736.184685
924.127007 696.027381
904.901791 698.187611
893.073292 701.667230
878.810234 706.428258
887.032871 705.453393
905.765762 707.034330
917.359600 709.036396
930.927944 710.879524
928.083916 735.391803
929.586067 712.050662
903.097343 708.984253
896.279354 720.261569
895.788746 707.702200
886.222744 712.986774
915.085316 710.718849
910.541725 729.349430
883.520451 703.578401
895.706062 705.301731
964.462051 693.978195
985.912628 694.080677
1000.002823 695.895674
1017.317162 698.501816
1008.890762 698.266597
988.907661 702.075162
976.492882 705.666661
962.166138 709.097743
967.761612 733.146794
962.941360 710.239720
991.325798 703.707662
999.649429 714.243014
999.499626 701.460528
1010.041695 705.697174
978.362160 706.952512
985.427055 724.950757
1011.460533 696.404543
999.631577 699.121921
