1073.540955 484.769433
1035.093498 472.285091
1057.680130 475.517839
965.257759 490.859506
1066.419182 462.750642
1004.500923 476.204957
1006.946983 461.307335
1082.845001 475.162275
1040.263252 457.060518
969.420891 467.983847
801.915951 504.472210
834.389133 487.847332
814.487686 493.683228
901.611328 495.960295
805.487995 482.238833
862.830219 487.168647
858.528557 472.992550
792.839413 495.837954
827.790985 473.590415
894.637642 474.030662
1047.207184 518.817029
1053.130531 514.171357
981.026917 523.131502
1030.954514 525.314358
1017.090797 527.277092
1003.834648 526.737903
991.457291 524.637058
984.166718 523.894933
994.749413 510.864934
1008.589096 505.757675
1022.426376 504.405874
1036.151848 506.359981
1044.594955 509.927952
1040.496941 522.136391
985.178261 518.232876
1049.428253 512.412300
830.167923 533.221296
824.291325 529.795300
893.725491 529.007792
846.104794 537.281882
859.811554 537.548772
872.612686 535.413133
884.186096 531.825496
890.885983 530.050281
879.648285 518.727615
865.936260 515.764557
852.298622 516.320289
839.215736 519.936959
831.611252 524.634612
836.676064 535.374895
889.201756 524.650480
827.368469 527.613763
933.899117 515.520777
934.292736 537.442074
934.717426 558.912792
935.084724 579.107831
935.548611 600.799606
936.506367 626.110625
885.333710 628.735113
894.554443 648.588524
919.156666 656.478789
940.085564 657.119687
961.632843 654.119775
987.984352 643.616030
996.411896 622.564831
943.317661 698.571146
945.386696 711.426630
945.279751 712.669737
946.905785 736.749494
923.351555 695.685625
904.182472 698.050625
892.403412 701.731153
878.272305 706.813402
886.621799 705.771589
905.191727 707.165844
916.731205 709.079461
930.224648 710.855641
927.466507 735.983584
928.980618 712.394221
902.594433 709.354334
895.703659 720.782797
895.323772 708.068225
885.669136 713.456955
914.509621 711.070712
909.916649 729.915783
882.919235 703.821409
895.227757 705.506372
963.655586 693.579662
985.182610 693.908415
999.407272 695.947559
1016.821747 698.976760
1008.426132 698.659465
988.372765 702.250643
975.876274 705.723567
961.497116 709.073088
967.182541 733.755634
962.332306 710.608256
990.777626 704.155118
999.141541 714.838850
998.979263 701.913843
1009.559097 706.258571
977.754478 707.350595
984.873962 725.549426
1010.920830 696.686432
999.159622 699.398274
