1073.718796 484.871432
1035.339890 472.489668
1057.902374 475.653183
965.175591 491.467960
1066.584206 462.831978
1004.728088 476.477802
1007.125511 461.602163
1083.013458 475.151782
1040.498199 457.221161
969.284935 468.527895
799.890461 505.206449
832.333202 488.385297
812.403316 494.301821
900.403519 496.676413
803.237286 482.822825
861.016731 487.748036
856.600971 473.591412
790.658283 496.525812
825.558929 474.164461
893.260403 474.752669
1047.442360 519.453260
1053.398781 514.703915
980.927811 524.221305
1031.065063 526.172225
1017.092400 528.208956
1003.765640 527.700698
991.333580 525.638026
984.030991 524.948752
994.714279 511.547931
1008.604546 506.207063
1022.572174 504.754905
1036.417351 506.748537
1044.918594 510.376568
1040.660934 522.871950
985.101128 519.209543
1049.774551 512.896096
828.614845 534.559547
822.638340 531.017743
892.807159 530.328405
844.821568 538.768126
858.744678 538.966137
871.650639 536.760203
883.286705 533.121389
890.002728 531.359049
878.410721 519.780017
864.481201 516.650426
850.644779 517.204871
837.462502 520.933421
829.856358 525.751483
835.256481 536.818589
888.162231 525.911740
825.666218 528.801541
933.488274 516.682935
934.082108 539.004986
934.624214 560.658202
935.120144 580.960228
935.705051 602.817957
936.855469 628.227146
884.819756 630.089135
894.200764 650.046122
919.300575 658.153710
940.592136 658.812954
962.331047 655.615997
988.886719 644.687841
997.226944 623.504612
943.712425 699.513824
945.719032 712.260582
945.464573 713.148930
947.175407 737.384341
923.518467 696.615365
904.112606 698.836555
892.294121 702.313471
878.123302 707.115762
886.502552 706.186860
905.198479 707.765479
916.782475 709.770119
930.423374 711.648202
927.592621 736.588755
929.067535 712.891953
902.560902 709.783831
895.652390 721.224782
895.260544 708.472617
885.556641 713.785450
914.533138 711.548102
909.961452 730.470614
882.777100 704.223933
895.157547 706.023417
964.207878 694.492085
985.844994 694.634993
999.935875 696.479409
1017.238655 699.208760
1008.710175 699.041197
988.711510 702.823820
976.289291 706.396651
961.892509 709.839385
967.584686 734.300745
962.619781 711.050756
991.095314 704.472220
999.605484 715.178869
999.301300 702.230172
1009.950485 706.518123
978.102837 707.723894
985.339050 726.014907
1011.391983 697.044668
999.443779 699.869034
