1075.625153 484.174240
1036.913452 472.367456
1059.602509 475.482402
967.266655 492.861314
1068.214073 462.307531
1006.381302 476.783284
1008.519173 462.338043
1084.659004 474.254293
1041.961555 457.525774
970.570564 470.395678
803.385201 514.574236
835.120983 497.855083
815.778122 504.428887
902.292767 501.666191
806.464920 493.281798
863.128109 495.283960
858.503094 481.772321
794.008942 505.771580
828.078117 484.270252
894.989147 480.781009
1049.529877 521.486031
1055.864754 517.587601
985.174026 524.536378
1032.170677 526.634713
1018.022118 528.039333
1005.387611 527.297401
993.928413 525.156870
987.648239 524.606738
998.272247 517.989578
1011.595345 515.867168
1024.480476 515.125591
1037.718773 515.870644
1046.521225 517.145294
1042.109528 524.216702
989.268837 521.691735
1051.912193 517.789990
833.007030 542.595391
826.663685 540.717695
893.821163 533.530061
849.980621 543.756230
863.841705 542.521105
875.654240 539.594450
885.958557 535.563605
891.548824 533.818130
880.927162 530.067791
868.057938 531.047773
855.682068 533.083248
843.292408 536.189246
835.180836 539.104893
840.230999 543.334522
889.502907 531.617700
830.234299 540.487239
936.201210 519.808180
937.472992 541.553707
938.629818 562.789400
939.573555 582.655041
940.585327 604.061966
942.099209 628.890445
887.228451 629.226794
896.598244 648.333671
922.749367 656.830523
945.049667 657.435951
967.804527 653.630090
994.804916 641.493781
1002.717590 620.738375
947.500248 695.601811
949.419765 708.172832
949.227619 709.211168
951.177807 733.638282
926.398258 693.027663
905.965977 695.133948
893.825397 698.266854
879.893818 702.814744
888.766251 702.191162
907.202168 703.784587
918.993015 705.814462
933.331032 707.730589
930.927429 733.017597
932.300148 709.100640
905.258789 705.867054
898.017426 717.644291
897.920437 704.493141
887.593002 709.746044
917.448063 707.688103
912.767944 726.995244
884.371662 700.021920
897.273273 702.036602
968.636513 690.308869
990.641785 690.035155
1004.371147 691.498675
1020.239754 693.885434
1011.941528 694.155157
992.914581 698.243616
980.800896 701.889381
966.211166 705.614648
971.970520 730.119781
966.622810 706.877711
994.526482 699.932313
1003.470039 710.292635
1002.368088 697.585595
1013.202553 701.355343
981.952057 703.360691
989.596367 721.368206
1015.057755 691.816549
1003.137703 695.221753
