1072.374458 477.424246
1033.155785 467.685703
1056.127052 469.286724
963.979912 493.283311
1064.511566 455.484313
1002.479095 474.696375
1004.156456 459.917747
1081.124954 467.209826
1037.706528 452.334155
966.713676 470.495875
804.086323 518.835407
834.808903 502.746981
815.980968 508.982602
900.437336 505.357500
806.766701 497.917235
862.065182 500.095779
857.197781 486.467400
794.678650 509.956888
827.711391 488.958925
892.615871 484.661093
1046.845665 516.039848
1053.069878 511.258092
982.421951 523.036391
1029.749908 522.647996
1015.653076 524.774398
1002.942696 524.639440
991.306915 523.196872
984.899483 523.081001
995.403900 513.928993
1008.653069 509.940859
1021.716270 508.198410
1035.093498 508.563631
1043.899269 510.141220
1039.596176 519.544315
986.406898 519.398156
1049.174767 511.100539
833.566475 544.970949
827.260895 543.100333
893.751698 535.619127
850.228844 546.138482
863.829632 544.791477
875.509644 541.748371
885.867462 537.683505
891.518841 535.949972
880.425568 530.811782
867.438698 531.209543
855.075932 533.354709
842.868347 536.998608
835.195141 540.513761
840.619011 545.769110
889.309330 533.228570
830.571270 542.446303
933.942032 521.070857
935.370998 542.908759
936.697884 564.422479
937.796688 584.578249
938.913288 606.281869
940.546989 631.353421
886.420898 631.499612
895.576801 650.723455
921.513462 659.274573
943.443203 659.671562
966.159782 655.553749
993.468933 642.687128
1001.185226 621.231215
945.243187 696.190696
947.610512 709.024422
947.192230 711.550677
949.585190 736.594613
924.113102 693.801749
903.517342 695.966485
891.380310 699.167175
877.193127 704.311159
886.684456 703.756263
905.134335 704.767950
916.976795 706.739953
931.373577 708.658075
929.541206 736.235154
930.265331 711.565483
903.194103 708.146439
896.071815 720.534961
895.841618 706.526299
885.206566 711.949339
915.384808 710.158803
911.148491 730.271573
881.771965 701.181343
895.136547 703.161199
966.564560 690.682104
989.049454 690.330756
1002.968788 691.802258
1019.091225 694.615746
1010.772629 695.127060
991.715126 698.904469
979.508171 702.522941
964.749298 706.323459
970.529137 732.700689
964.715424 709.026418
992.988396 701.609037
1002.084961 712.043774
1001.000633 699.034052
1011.963844 702.624264
980.181541 705.281582
988.168716 723.617399
1013.842163 692.273533
1001.922340 695.968802
