1072.406731 476.693645
1033.549118 466.844316
1056.361656 468.490076
964.337654 492.288941
1064.607239 454.763721
1002.949905 473.744910
1004.618683 459.007062
1080.972633 466.524349
1038.047447 451.547678
967.061691 469.549141
803.107109 518.130008
834.013252 501.910293
815.033627 508.221295
900.357170 504.385403
805.733013 497.194197
861.569710 499.190115
856.635647 485.635153
793.727703 509.270897
826.835518 488.193047
892.460232 483.749957
1047.155914 515.333290
1053.321419 510.488673
982.508812 522.349241
1030.091743 522.025927
1015.933571 524.181232
1003.109207 524.027091
991.398354 522.540879
984.963684 522.404473
995.538712 513.068969
1008.865128 508.997473
1022.011757 507.254831
1035.444832 507.627937
1044.258842 509.268161
1039.936295 518.876542
986.514130 518.646344
1049.496117 510.273957
832.797718 544.303594
826.394234 542.359271
893.684692 534.813112
849.734745 545.560799
863.510799 544.167123
875.312176 541.031127
885.760460 536.891427
891.446571 535.133851
880.121441 529.924368
866.965771 530.277872
854.440441 532.452586
842.094555 536.153423
834.335403 539.724709
839.975224 545.159369
889.149971 532.385058
829.690819 541.683805
934.228363 520.287727
935.849361 542.239087
937.333145 563.864558
938.601151 584.124677
939.874420 605.975711
941.674232 631.177619
886.745110 630.954566
895.988731 650.271428
922.193470 658.954446
944.288177 659.386582
967.112503 655.177553
994.343033 642.162101
1001.918907 620.599265
946.029396 696.395981
948.302250 709.086027
947.886543 711.221602
950.313377 736.191702
924.699955 693.979933
903.842125 695.967836
891.455784 699.005213
876.853809 703.795660
886.345654 703.308678
905.163918 704.586418
917.226105 706.695149
931.836605 708.713500
929.994678 735.863013
930.731907 711.259840
903.193130 707.769985
896.094017 720.110099
895.698051 706.111414
885.003033 711.481025
915.618153 709.848397
911.392422 729.858363
881.572266 700.819888
894.961338 702.832575
967.474136 690.791345
989.933624 690.220935
1003.815193 691.478655
1019.929962 693.910475
1011.624641 694.484682
992.498360 698.619232
980.292435 702.389624
965.518112 706.310971
971.417427 732.231538
965.528641 708.648870
993.894768 701.074934
1002.993736 711.439376
1001.896706 698.452699
1012.852135 701.957488
981.066055 704.842172
989.124184 723.063791
1014.641876 691.715677
1002.725143 695.478086
