1070.321159 478.640671
1032.035294 467.697033
1054.456787 469.898268
963.530159 492.335515
1062.635536 456.349518
1001.948433 473.957148
1003.785667 459.302341
1079.049568 468.572248
1036.673126 452.538089
966.563644 469.368349
801.899643 517.263451
833.324146 500.074021
814.250851 506.631024
899.252586 503.555378
805.016212 495.653493
860.703678 497.505344
856.075630 483.902746
792.225895 508.657165
826.283455 486.409625
891.779480 482.548435
1044.966660 517.570027
1051.066132 512.759174
980.424728 524.707063
1028.157463 524.366080
1014.231148 526.640893
1001.476593 526.624027
989.691353 525.162857
983.072662 524.943280
993.432655 514.630820
1006.769028 510.140480
1020.016136 508.249844
1033.530350 508.888747
1042.210007 510.904201
1037.899475 521.135294
984.441261 520.740527
1047.351494 512.224267
830.806675 544.673481
824.489765 542.460015
892.080402 536.429647
847.478943 546.369967
861.109829 545.325193
873.058662 542.517951
883.675404 538.605552
889.658661 536.904849
878.600979 530.262133
865.428944 529.765753
852.713413 531.579655
840.239868 535.315704
832.469616 539.212364
837.801590 545.728877
887.616234 533.610560
827.825947 541.428759
933.001900 521.267871
934.525967 543.869784
935.961170 565.456631
937.118340 585.520091
938.363914 607.100050
940.045223 632.165422
884.954853 633.651602
894.579048 652.959516
920.885296 661.031377
942.736130 661.148021
965.137825 657.202921
992.131462 644.617546
999.873734 623.175859
945.096588 699.240561
947.198124 712.001739
946.971016 714.561918
949.285469 739.401920
923.933945 696.900795
903.173733 699.101644
890.743675 702.147388
875.801697 706.960430
885.082798 706.348693
904.266586 707.668083
916.347313 709.772308
930.842571 711.699829
929.007397 739.131038
929.829254 714.713194
902.162647 711.110108
895.076580 723.261867
894.554329 709.356329
884.029484 714.668133
914.715786 713.224311
910.411835 733.057251
880.671959 703.925693
893.855209 705.860424
966.303520 693.599489
988.476219 692.956660
1002.261314 694.074626
1018.621101 696.237431
1010.122490 696.841056
990.885773 701.146967
978.788338 705.112023
964.205589 709.088988
970.405083 735.344682
964.625931 711.862435
992.690392 703.898849
1001.759148 714.131777
1000.580750 701.062703
1011.548653 704.503312
980.035744 707.855086
987.940865 726.009243
1013.217430 694.147046
1001.155586 697.901087
