1075.174828 484.838859
1037.132835 472.302761
1059.487152 475.617746
967.373657 490.625510
1068.215332 462.928247
1006.714096 476.067263
1009.213943 461.313386
1084.425774 475.311942
1042.355804 457.202911
971.612778 467.908530
803.334274 503.324568
835.871773 486.840248
815.965290 492.591140
903.292694 495.401409
806.887836 481.166185
864.366417 486.334083
860.088558 472.257861
794.150276 494.669809
829.226646 472.675738
896.385956 473.594824
1048.803406 518.893762
1054.701576 514.277283
982.694778 523.078136
1032.574997 525.370492
1018.745041 527.283754
1005.506973 526.709998
993.135452 524.584497
985.824509 523.844658
996.462593 510.809476
1010.345993 505.726390
1024.199982 504.425958
1037.904053 506.482290
1046.298409 510.065099
1042.088242 522.183867
986.864319 518.194799
1051.077232 512.539179
831.754704 532.294325
825.857964 528.782648
895.371838 528.490040
847.714634 536.504931
861.436501 536.839832
874.257088 534.773265
885.853901 531.239122
892.555447 529.501855
881.202335 518.093508
867.429142 514.999484
853.775940 515.479513
840.734711 519.040757
833.146133 523.720644
838.282242 534.522275
890.819035 524.110647
828.919773 526.655538
935.827732 515.356014
936.327381 537.447095
936.837444 558.960364
937.284336 579.171624
937.865009 600.899706
938.933544 626.189804
887.313938 628.154597
896.665707 648.025002
921.412983 656.067960
942.357616 656.805804
963.790169 653.770359
989.915085 643.184667
998.263321 622.190952
945.516243 697.708097
947.407722 710.425758
947.346954 711.853938
948.951473 736.021307
925.501671 694.758139
906.263180 697.000251
894.453392 700.547333
880.216599 705.464723
888.533707 704.485996
907.196560 705.992775
918.706799 707.980614
932.224789 709.823806
929.419441 735.161798
931.009083 711.536000
904.564762 708.263340
897.616997 719.642107
897.284088 706.892581
887.600899 712.170396
916.531105 710.104086
911.858425 728.960617
884.937572 702.477815
897.199059 704.264874
965.755577 692.705669
987.030373 692.891643
1000.963326 694.828176
1018.100739 697.750969
1009.587936 697.552571
989.748459 701.149671
977.490120 704.682591
963.343048 708.075693
969.201050 732.983737
964.319458 709.785891
992.323494 703.169246
1000.779305 713.847120
1000.356674 700.866301
1010.952873 705.112281
979.538956 706.443579
986.747704 724.711804
1012.250977 695.498364
1000.353355 698.279729
