1071.531372 484.198476
1034.334412 471.333078
1056.272621 474.671495
965.011940 490.855966
1064.600029 462.033945
1004.356270 475.282266
1006.708031 460.724405
1080.453529 474.481788
1039.399681 456.396929
969.015198 468.060064
799.268703 504.772897
830.987720 487.263694
811.501064 493.436841
899.099121 496.231080
802.364044 482.046937
859.434700 486.727499
855.103683 472.800139
790.070629 496.194130
824.197655 473.350368
892.038002 474.388736
1045.873604 519.973587
1051.977310 515.054297
980.114822 525.249825
1029.263878 526.876402
1015.271988 528.915675
1002.108192 528.429369
989.943810 526.461550
982.927208 525.865488
993.763046 512.460001
1007.477760 506.901358
1021.366882 505.261424
1035.225449 507.127533
1043.690300 510.754116
1038.951416 523.543296
984.321899 520.281129
1048.518105 513.281111
827.976837 535.850226
821.701355 532.147458
891.941986 531.765114
844.602585 540.094500
858.638535 540.127008
871.439381 537.877010
882.881699 534.286155
889.382744 532.660092
877.370567 521.135745
863.391895 517.822723
849.541912 518.330466
836.383495 522.086341
828.778896 526.942996
834.863834 538.204154
887.201157 527.418712
824.635735 530.045711
933.087158 517.847185
933.988781 541.250188
934.784832 563.452313
935.501175 584.059854
936.252823 606.389244
937.631035 632.202888
884.317532 631.896858
893.689957 652.180345
919.495869 661.120920
941.203766 661.877754
963.141060 658.271449
989.745483 646.185672
997.604828 624.705362
944.314041 700.650845
946.093712 712.689757
945.453300 713.413761
947.213173 737.327693
923.516006 697.793069
903.276958 699.249058
890.935192 701.585798
875.786076 704.881568
884.408112 704.633088
903.805389 707.126963
915.780487 709.697700
929.999657 711.979015
927.217541 736.486144
928.531551 713.216844
901.177425 709.263375
894.389019 720.438981
893.582783 707.489769
883.721638 712.203033
913.536873 711.501753
909.194012 730.152612
880.854435 702.616217
893.328896 704.850476
965.314064 695.465662
987.258682 694.646838
1001.224136 695.283229
1018.350334 696.265175
1009.588966 696.892490
989.900093 701.750722
977.568512 705.969794
962.951660 709.938905
967.975044 733.917596
963.085442 711.054361
991.867104 703.366678
1000.291672 713.716571
1000.047226 700.677302
1010.765762 704.269123
978.831940 707.227643
985.877151 725.180633
1012.670517 694.754920
1000.504074 698.207245
