1068.908958 485.303503
1030.562096 473.106780
1053.017693 476.154231
961.304970 492.827840
1061.417999 463.496307
1000.321083 477.318932
1002.401962 462.841280
1078.035851 475.565990
1035.479507 458.231946
964.881020 470.293422
798.479290 507.961421
829.397736 490.950819
810.279522 497.020422
896.370564 498.895608
801.465797 485.758910
857.317200 490.177410
852.885761 476.414362
789.692345 499.470717
822.716389 477.186259
889.131889 477.419000
1043.481560 520.438006
1049.655876 515.841451
978.117599 525.571142
1026.772614 526.855706
1012.856598 528.786188
999.868469 528.341821
987.863159 526.494766
980.933876 526.007398
991.577568 513.920496
1005.090065 508.965415
1018.703270 507.469643
1032.396240 509.064614
1041.007004 512.235403
1036.504784 523.735321
982.250633 520.993996
1046.010246 514.405257
826.818924 537.919947
820.663548 534.624467
889.523678 532.846420
843.243599 541.526606
857.031727 541.275487
869.490795 538.946085
880.623665 535.317024
886.973705 533.676703
875.424614 523.566020
861.857700 521.037383
848.341599 521.798787
835.389977 525.405157
827.802486 529.932833
833.649101 539.936078
884.894772 528.927680
823.607998 532.761029
929.997025 519.176874
930.823002 541.929131
931.497860 563.715920
932.100048 583.946686
932.706356 605.872071
934.023914 631.311965
882.152309 631.680114
891.424370 651.582513
916.790314 660.229933
938.265266 660.875659
960.363235 657.269998
987.297707 645.372705
995.472450 624.114289
941.730194 699.650359
943.989487 711.945412
943.537502 712.843931
945.566883 737.225983
921.024284 696.900215
901.105099 698.494349
889.071636 701.075191
874.637489 704.698234
883.445206 704.253416
902.305698 706.651311
914.032001 709.123750
928.034649 711.319191
925.532341 736.383533
926.736603 712.660210
899.848480 708.846817
892.995415 720.307145
892.440777 707.088339
882.482071 712.020407
911.978416 711.036465
907.634468 730.052705
879.406872 702.264097
892.134247 704.406495
962.725182 694.424686
984.915962 693.781085
999.307251 694.595597
1016.823921 696.030793
1008.136826 696.466405
988.210373 701.218357
975.676346 705.323746
960.933723 709.219859
966.411209 733.754990
961.143608 710.499787
990.231514 702.944133
998.871117 713.566132
998.522186 700.256753
1009.335938 704.054954
977.011871 706.740725
984.410248 725.034378
1010.978165 694.279075
998.981209 697.674687
