1070.854111 480.742450
1032.866364 468.515182
1055.181427 471.509299
963.664284 490.203384
1063.358803 458.505338
1002.679596 473.316507
1004.693642 458.764665
1079.565010 470.878540
1037.653084 453.564516
967.025642 467.298210
799.588451 511.384810
831.193256 493.573569
811.885071 500.293468
898.309135 498.845719
802.758293 489.215194
859.085598 491.511991
854.554710 477.840611
790.238800 502.801924
824.240456 479.929644
891.008663 477.433065
1045.567474 518.127369
1051.676903 513.319992
980.265083 524.001986
1028.798561 524.776361
1014.748993 526.836137
1001.716805 526.549612
989.746170 524.828053
982.956963 524.395788
993.523521 513.037523
1007.011528 508.260595
1020.569458 506.588988
1034.274101 507.748507
1042.960854 510.437175
1038.524666 521.600196
984.354973 519.701579
1048.008957 512.277696
828.345509 540.490587
821.959476 537.677776
891.020565 533.470645
845.184059 543.080893
859.076958 542.358112
871.390057 539.704463
882.368774 535.867156
888.539257 534.145113
876.996632 525.759723
863.437214 524.235048
850.225925 525.548097
837.389145 529.319969
829.600639 533.630773
835.422421 541.997945
886.395435 530.106028
825.127487 536.220982
932.520103 518.657995
933.945465 541.816285
935.196362 563.876789
936.298428 584.331057
937.438374 606.459861
939.145489 632.119589
883.886719 632.316892
893.395901 652.090416
919.904194 660.831885
942.136288 661.347384
964.744835 657.295618
991.762390 644.558902
999.422951 623.081102
944.597740 699.028194
946.478806 711.386139
946.021271 713.111465
948.023987 737.418265
923.258572 696.534319
902.332878 698.359938
889.685326 701.001742
874.456844 704.984179
883.711910 704.676218
903.056030 706.527328
915.240784 708.841474
929.859581 710.942287
927.609386 736.906757
928.681984 713.089836
900.753422 709.310174
893.729610 720.984349
893.093662 707.548027
882.669525 712.537644
913.367844 711.500273
909.035339 730.719223
879.426956 702.406554
892.566261 704.491274
966.033669 693.527005
988.344269 692.624366
1002.227898 693.366137
1018.754425 694.840858
1010.124550 695.622346
990.772591 700.305355
978.512764 704.424262
963.717957 708.489676
969.165001 733.624828
963.888016 710.500109
992.537384 702.486377
1001.273003 712.714734
1000.552254 699.698446
1011.404457 703.063159
979.614143 706.502738
987.076492 724.484890
1013.346291 693.064163
1001.174698 696.823740
