1071.523132 480.701830
1034.482040 467.127331
1056.302834 470.779020
965.369225 486.929051
1064.578171 457.912785
1004.691925 470.973169
1006.943550 456.339895
1080.396881 470.890675
1039.534607 452.115061
969.206429 463.809578
799.545364 502.245097
831.131058 484.081864
811.759758 490.557758
898.888493 492.722300
802.717438 479.021115
859.253197 483.244178
854.997368 469.249645
790.336990 493.530149
824.347572 470.120516
891.927738 470.551493
1046.079025 518.474565
1052.092667 513.514913
980.413857 523.469975
1029.533615 525.312749
1015.547676 527.300845
1002.372780 526.787632
990.249825 524.734551
983.247757 524.074019
993.933334 511.405764
1007.584877 506.256051
1021.333466 504.718083
1035.078621 506.388981
1043.625870 509.691253
1039.193802 522.028824
984.547119 518.784424
1048.538933 511.994390
828.396263 534.927117
822.122040 531.255602
892.285938 530.259300
845.055656 539.011456
859.029694 538.983228
871.741734 536.650672
883.163395 532.947453
889.636803 531.182023
877.932243 520.442673
864.012852 517.581518
850.337162 518.218682
837.244492 521.877837
829.485970 526.483533
835.328751 537.194881
887.613144 526.177118
825.155468 529.358464
933.360786 515.452251
934.448318 539.692683
935.316467 562.102861
936.085110 582.753983
936.923046 605.046809
938.293819 630.893412
884.840355 631.039410
894.285164 651.294637
919.978981 660.194142
941.491871 660.902052
963.357925 657.373574
989.810028 645.350819
997.683105 623.858085
944.407425 699.752326
946.146870 712.148058
945.874672 713.291903
947.642956 737.417943
923.618202 696.979265
903.283138 698.562584
890.838203 700.939751
875.587635 704.380875
884.408855 704.194386
903.747139 706.650474
915.752964 709.220438
929.961433 711.473429
927.436066 736.616371
928.748131 713.065760
901.185322 708.965199
894.279156 720.209234
893.607445 707.128572
883.526974 711.877563
913.609600 711.275675
909.225941 730.084054
880.612392 702.049026
893.340969 704.356928
965.368881 694.497879
987.271385 693.699975
1001.197357 694.367459
1018.222046 695.556879
1009.586792 696.296074
989.936028 701.215653
977.595062 705.424747
963.008080 709.398816
968.469543 733.982806
963.535767 710.892656
992.166939 703.033741
1000.643578 713.368185
1000.150909 700.259778
1010.857773 703.749955
979.225616 706.993968
986.327133 725.073130
1012.551155 693.946202
1000.526390 697.616429
