1073.978462 484.437236
1035.302124 472.102529
1057.954788 475.307275
965.780640 490.575653
1066.638680 462.553886
1004.876862 475.979297
1007.315140 461.223296
1083.487244 474.685367
1040.480919 456.971523
969.909210 467.839040
803.726692 501.500816
835.528736 485.198060
815.979366 490.737358
902.064114 494.853916
807.254963 479.192991
863.617859 485.243636
859.435787 471.121709
794.919662 492.822465
829.101734 471.013466
895.227070 472.982669
1047.685776 518.290007
1053.909760 513.803304
981.763916 522.677575
1030.883102 524.603004
1016.896591 526.420480
1003.808441 525.802596
991.643715 523.794833
984.613838 523.233340
995.549355 510.812470
1009.391441 505.882494
1023.121719 504.613284
1036.811829 506.533563
1045.288467 509.938703
1040.669861 521.560993
985.956230 518.003386
1050.201302 512.292405
831.673279 530.954143
825.745811 527.460780
894.527206 527.778686
847.683105 535.120879
861.436901 535.408401
874.090805 533.391016
885.456276 530.075161
891.909142 528.588821
880.641403 517.546402
867.058640 514.408346
853.542137 514.747850
840.561905 518.149996
832.949982 522.674646
838.223419 533.188337
890.014172 523.538114
828.720589 525.506673
934.271336 515.167723
934.517212 537.602234
934.798737 559.333019
935.017376 579.631054
935.368481 601.473205
936.307697 626.947088
885.162506 627.054398
894.221306 647.076466
919.508057 655.933743
940.846767 656.752052
962.656174 653.360431
989.688721 641.576242
998.020821 620.597334
944.702911 695.804329
946.919632 707.918172
946.944580 709.747524
948.570442 733.777907
924.105091 692.932906
904.241409 694.565406
892.241821 697.213197
877.747478 700.952239
886.439838 700.707750
905.199566 702.805281
916.919518 705.179873
930.907459 707.323687
928.584709 732.882414
930.084515 709.435508
903.023300 705.397067
896.171207 716.533148
895.572395 703.597262
885.701065 708.335180
915.221844 707.677867
910.696793 726.379066
882.505074 698.482118
895.054550 700.712321
965.719070 690.582004
988.125229 689.748502
1002.894287 690.502760
1021.056061 691.761832
1012.255096 692.418566
991.847191 696.959631
978.972015 701.175613
964.024773 705.189400
969.395943 730.480077
964.658661 707.371066
994.024200 699.440632
1002.375526 709.961307
1002.456322 696.528203
1013.252792 700.135152
980.622139 703.475726
987.562523 721.704104
1014.988747 690.130427
1002.962723 693.484519
