1068.160629 492.765656
1033.509521 479.624677
1054.025345 483.849735
966.167450 493.036215
1061.824608 472.501738
1004.947014 480.813614
1007.672081 467.514954
1076.795311 483.454388
1038.776550 466.059737
970.556488 472.102271
798.091507 498.409238
829.971542 480.830770
810.480022 486.972889
898.824463 493.150574
801.637402 475.775138
858.782444 481.364808
855.001717 468.213208
789.398289 490.254529
823.659267 467.824845
892.728195 471.949482
1042.877083 523.959178
1049.645462 520.619570
980.131302 525.461419
1025.390625 528.154657
1011.488914 528.987129
999.233894 527.982588
988.151894 525.889145
982.159309 525.380083
993.756180 517.403880
1007.192459 514.626474
1020.291595 514.362320
1033.359947 516.185009
1041.536522 518.743064
1035.363579 526.208789
984.537964 522.216954
1046.342468 520.243310
826.853600 532.218171
820.096436 528.860539
889.577751 528.815285
844.232655 535.494275
858.199482 535.200058
870.520363 533.177072
881.610031 530.205742
887.474327 529.082047
875.929184 521.151549
862.327309 518.974872
848.933887 519.354125
835.852261 522.131692
827.884769 525.784475
834.320354 534.190786
885.115643 525.676907
823.277607 527.951721
933.446045 517.927587
934.148941 541.181116
934.806461 562.891688
935.519199 582.999759
936.276169 604.940851
937.723789 630.475502
881.124344 627.005346
890.618534 647.059793
918.137569 656.900818
941.376801 657.920165
964.607391 653.468513
991.760788 639.788539
998.927994 619.275756
945.156326 692.743649
946.217651 703.753109
946.448879 705.605507
947.803402 729.096122
922.978535 690.249388
901.337986 691.354158
888.798923 692.709081
873.774261 695.013185
882.920609 695.141737
901.990871 698.057320
913.935528 700.836174
928.813362 703.154118
926.523628 728.029203
928.604736 705.428674
900.493240 700.796392
892.984772 711.608291
892.607346 698.614018
882.111568 702.716703
913.067665 703.391783
907.985859 721.617329
878.734360 693.072596
891.772499 695.496111
967.264938 687.023206
990.166168 684.630396
1004.127617 683.817236
1021.615906 683.651862
1011.949768 685.077338
991.889877 690.711715
979.298859 695.614944
963.994904 700.385628
969.088898 725.445464
964.591026 702.900746
993.874626 693.520825
1002.817383 703.975775
1002.063789 690.066569
1013.553543 692.881086
980.624313 698.301487
987.731323 716.385026
1015.679398 682.397103
1002.805138 686.578581
