1075.857353 484.512488
1039.039192 473.152163
1060.782509 475.836711
970.850143 491.587629
1068.992271 463.152072
1009.468346 477.143226
1011.943130 462.539338
1084.709587 474.634223
1044.025841 458.134711
975.185509 469.090515
807.281570 501.495023
840.070324 485.326871
820.134544 490.752872
907.071590 495.249231
811.055088 479.211627
868.484631 485.375794
864.400177 471.347208
797.944279 492.886226
833.599663 471.112472
900.473328 473.436499
1050.248566 517.542282
1056.191368 512.812797
985.202980 523.123423
1034.024849 524.337852
1020.362206 526.392542
1007.372589 526.075988
995.127640 524.291053
988.083229 523.755308
998.822823 509.916784
1012.485123 504.115198
1026.343002 502.532362
1040.056686 504.552419
1048.231888 508.343571
1043.520012 521.030946
989.341850 518.009727
1052.797165 511.009676
835.085735 530.796558
828.982601 527.035886
898.630486 528.343881
851.260929 535.275149
864.885635 535.782956
877.687511 533.868889
889.338455 530.721112
895.989532 529.231296
884.394150 516.727384
870.530720 512.767285
856.724968 513.000927
843.592701 516.665007
836.069756 521.607599
841.754780 533.202145
894.085407 523.692062
831.892891 524.819974
939.401264 516.133511
939.987602 538.804271
940.744801 560.426846
941.478653 580.667717
942.368603 602.276902
943.661499 627.507455
891.435585 628.207061
901.053772 648.082938
926.311512 656.423364
947.009640 657.005038
967.994041 653.417337
993.809166 641.631474
1001.756630 620.767922
951.165047 696.977077
952.747250 708.883059
952.525921 710.305252
954.207001 734.380503
930.709534 694.240966
910.747890 695.998735
898.424091 698.633909
882.844734 702.291648
891.298542 701.678689
910.847969 703.824434
922.875481 706.318181
936.855526 708.323014
934.214687 733.757887
935.606003 710.273645
908.197460 706.446347
901.430340 717.769496
900.456390 704.644997
890.822868 709.608414
920.687084 708.651316
916.196365 727.539840
888.162804 699.783740
900.319290 701.643476
971.441116 691.324675
992.698402 689.916773
1006.612587 690.260975
1023.923721 690.922987
1015.248184 691.478333
995.513535 696.787241
983.339310 701.442053
969.109840 705.824375
974.524498 730.793445
969.736404 707.647097
997.810593 699.114261
1006.131248 709.653411
1005.815277 695.878680
1016.436310 699.459364
984.943657 703.425257
992.009697 721.720841
1018.005409 689.564652
1006.123924 692.920096
