1076.290741 503.740965
1039.018364 495.462563
1061.062202 497.609113
972.719765 509.858236
1068.774033 486.005362
1009.459076 498.518897
1011.909485 485.020101
1084.569168 494.268862
1043.540611 481.703378
976.713867 489.660140
812.689762 521.019906
847.547550 507.761221
826.719360 512.739766
913.693371 513.479959
817.956734 502.097071
876.473808 506.625971
872.422886 493.632631
803.700428 512.473744
841.417637 494.598355
907.348366 493.846189
1050.780602 527.896714
1057.460861 525.383495
990.109978 529.167470
1033.381577 530.953724
1019.734612 531.458859
1008.065186 530.577947
997.525749 528.857160
991.984291 528.722491
1003.000259 523.543972
1015.805168 522.042439
1028.225899 522.004974
1040.795059 523.337528
1048.942909 524.893037
1043.208389 529.602149
994.246445 526.658853
1053.891449 525.688752
839.898148 541.957519
833.286896 540.575559
899.128532 535.426941
856.904354 542.333522
870.405693 541.057777
881.789589 538.792201
891.915607 535.885438
897.198200 535.136425
886.872826 531.402018
874.576721 531.695205
862.417374 533.187854
849.972153 536.044600
841.924782 538.906496
847.216644 542.285950
894.980450 533.465270
836.949120 540.420291
943.718719 527.944221
944.416409 546.381168
945.483913 566.632211
946.482124 585.874465
947.595749 606.648667
949.064140 630.868950
889.839592 628.073423
899.021931 646.840668
927.136860 656.393945
950.925522 657.409301
974.616394 653.020027
1002.214966 639.778304
1009.502335 619.940536
953.470802 694.454427
954.470901 705.592117
954.414482 708.039966
955.936031 731.685205
931.015835 691.664629
908.740311 692.767146
895.489540 694.733548
879.641762 697.931278
889.030666 697.797961
908.613911 700.026941
921.269245 702.624843
936.706638 704.949160
934.595776 730.904295
936.361141 707.722285
907.350254 703.221517
899.842129 714.507329
899.161434 701.058004
888.338013 705.676382
920.485954 705.825598
915.487518 724.588144
884.851856 695.594537
897.874660 697.791266
975.466690 688.747501
998.064079 686.903923
1011.945190 687.075348
1028.557320 688.089609
1019.375153 689.023533
999.945374 693.690577
987.498322 698.074057
972.254448 702.588215
977.090492 728.163550
972.360649 705.419276
1001.115074 696.839125
1010.068703 707.182131
1009.273567 693.609788
1020.688820 696.860690
988.064346 701.191578
995.436172 719.189308
1023.124352 686.460650
1010.532646 690.091159
