1076.508751 505.505236
1038.952675 497.610369
1061.181908 499.611340
972.291069 511.774235
1069.077759 488.078624
1009.161873 500.690264
1011.727867 487.220339
1085.048561 496.006612
1043.606644 483.872073
976.455688 491.729153
811.487560 521.181064
846.716995 508.373891
825.654488 513.090631
913.320065 514.821203
816.870174 502.380216
875.943489 507.647667
871.895256 494.619405
802.475910 512.601911
840.604076 495.152317
906.984730 495.264584
1050.474243 528.441052
1057.241249 526.010360
989.549332 529.840297
1032.997284 531.490949
1019.307404 532.016877
1007.594376 531.153120
997.011452 529.487758
991.429710 529.383409
1002.666321 523.940767
1015.562553 522.292882
1028.082504 522.263850
1040.704651 523.697437
1048.798027 525.386842
1042.861404 530.108571
993.765564 527.223566
1053.703194 526.234088
838.566399 541.768327
831.967163 540.331070
898.317833 535.904911
855.589657 542.344143
869.182663 541.189034
880.710354 539.047730
890.996361 536.248534
896.380863 535.599654
885.937271 531.416631
873.570099 531.388307
861.235828 532.716966
848.663807 535.525399
840.608997 538.473812
845.888729 542.198081
894.130383 533.807251
835.651531 540.073707
943.203850 528.986710
943.714256 547.116630
944.652901 567.261779
945.543308 586.465988
946.542892 607.191589
947.942448 631.378977
888.955307 628.076062
898.089638 646.775780
926.183567 656.353519
949.747009 657.463181
973.337402 652.967820
1000.920067 639.645696
1008.379555 619.935129
952.360783 693.898373
953.275166 704.624913
953.127079 707.547963
954.500484 730.903652
929.978085 691.187882
907.800407 692.268190
894.549522 694.182322
878.790207 697.301388
888.134708 697.097325
907.617416 699.213910
920.202827 701.746473
935.567722 704.030750
933.266087 730.066738
935.164318 707.252362
906.351185 702.700546
898.844204 713.792145
898.170948 700.490749
887.465630 704.992418
919.407063 705.352070
914.327774 723.808844
883.988800 694.987886
896.912842 697.036171
974.267006 688.256078
996.713448 686.274741
1010.554733 686.380634
1027.044754 687.271814
1017.872200 688.174582
998.543015 692.722278
986.122971 697.111809
970.963554 701.633563
975.478592 727.371504
970.931396 704.936478
999.560509 696.238654
1008.373032 706.495914
1007.783432 692.927628
1019.084702 696.099801
986.561508 700.673118
993.737297 718.491504
1021.681938 685.676329
1009.114723 689.162836
