1077.393723 484.978935
1040.636330 473.517866
1062.318192 476.348927
972.990189 491.493291
1070.401726 463.839029
1011.256714 477.322794
1013.763084 462.856858
1086.244354 475.260347
1045.581779 458.677601
977.342262 469.204262
809.301624 501.537316
842.792358 485.406371
822.518921 490.856642
910.030918 495.144528
813.376694 479.456277
871.473312 485.457677
867.366199 471.528740
799.786377 493.006089
836.282387 471.343024
903.418865 473.544452
1051.988525 517.063444
1057.911644 512.448317
987.138977 522.369164
1035.826836 523.679123
1022.193947 525.676714
1009.234314 525.293984
997.007446 523.472775
989.984665 522.962072
1000.716934 509.227252
1014.357262 503.522773
1028.171425 501.982262
1041.817131 504.094856
1049.982719 507.936251
1045.296021 520.456513
991.297302 517.264770
1054.551086 510.623664
837.238655 530.106093
831.032181 526.400299
901.111221 527.487785
853.632660 534.480722
867.387085 534.886143
880.212135 532.947775
891.855984 529.764690
898.481541 528.320160
886.719418 515.945510
872.811356 512.039387
859.026833 512.276570
845.844040 515.978243
838.233261 520.950769
844.015217 532.457575
896.482658 522.851769
834.018230 524.169613
942.086391 515.545174
942.839413 537.947949
943.744011 559.532125
944.588928 579.721563
945.601673 601.331842
947.012672 626.536131
893.559208 627.054141
903.233471 646.896672
928.914986 655.375693
949.944649 656.012857
971.064377 652.471182
996.880074 640.679719
1004.690666 619.850800
953.854351 696.203828
955.271072 708.006427
955.313187 710.011840
957.018070 734.045570
933.073769 693.421562
912.622948 694.973724
899.856834 697.436893
883.761292 700.891085
892.392998 700.520296
912.281570 702.776184
924.594669 705.350912
938.950195 707.456102
936.607647 733.382978
938.056583 709.905045
909.902515 705.747063
903.057690 716.923442
901.926613 703.733668
892.060776 708.468368
922.713261 708.142576
918.220882 726.955976
889.229107 698.416328
901.512394 700.477681
974.355469 690.575953
995.767937 689.109793
1009.751358 689.350548
1027.210121 690.025306
1018.302612 690.809691
998.485909 695.984251
986.242104 700.628185
971.901970 704.991131
977.613945 730.476408
972.729836 707.366431
1000.932198 698.694806
1009.437790 709.143641
1008.935165 695.397363
1019.744568 698.764715
988.085175 703.084338
995.296898 721.345224
1021.250153 688.591461
1009.129372 692.141697
