1077.083931 503.629407
1039.630852 495.301824
1061.783066 497.497684
973.119965 509.735799
1069.651909 485.882957
1009.913063 498.374637
1012.408218 484.872655
1085.487785 494.199082
1044.249001 481.530247
977.120132 489.568859
813.199310 521.570778
847.908669 508.243922
827.151089 513.301678
914.065533 513.589232
818.347950 502.684572
876.789093 506.978703
872.683811 494.000620
804.213238 513.085320
841.732178 495.103265
907.636929 494.026176
1051.298790 527.728862
1057.960281 525.308211
990.548401 529.034121
1033.997383 530.742420
1020.387039 531.296253
1008.677101 530.459307
998.081474 528.744378
992.479935 528.605075
1003.484230 523.461478
1016.298752 522.030755
1028.696251 522.005907
1041.265526 523.323720
1049.421158 524.846882
1043.794327 529.384729
994.690475 526.517909
1054.371185 525.618167
840.539875 542.353542
833.999863 541.059000
899.836521 535.545291
857.432842 542.654293
870.913582 541.385694
882.341709 539.105344
892.528954 536.138681
897.868710 535.324395
887.510090 531.650079
875.203800 532.081347
863.061047 533.649151
850.627441 536.528331
842.596550 539.379605
847.792740 542.637298
895.671043 533.602610
837.640743 540.887704
944.133110 527.731501
944.782276 545.920901
945.759945 565.983331
946.666489 585.049009
947.699032 605.605438
949.093208 629.599643
890.233498 627.270691
899.367371 645.837479
927.388687 655.206971
951.076355 656.172824
974.783821 651.816509
1002.412605 638.685958
1009.780540 619.005389
953.723488 693.721862
954.752998 704.643517
954.697666 707.440073
956.173782 730.840116
931.258335 690.974872
908.992710 692.002330
895.637169 693.899274
879.687824 697.028124
889.059963 696.876526
908.717880 699.086001
921.444225 701.706948
936.938725 704.024377
934.783230 730.037835
936.585903 707.111385
907.453594 702.526417
899.964180 713.673570
899.215908 700.295248
888.425560 704.821057
920.649891 705.199056
915.645790 723.741961
884.932251 694.708893
897.923756 696.826959
975.799828 688.026652
998.499756 686.045508
1012.571526 686.101835
1029.422493 686.932504
1020.289650 687.852395
1000.654106 692.596107
988.011932 697.062757
972.669868 701.608393
977.443771 727.238381
972.753868 704.754431
1001.792679 695.996804
1010.687485 706.188211
1010.081177 692.645931
1021.447449 695.786884
988.601875 700.467703
995.907784 718.234076
1023.908730 685.367467
1011.401138 688.925364
