1077.612190 504.230747
1041.060562 496.012212
1062.789574 498.176916
974.780502 510.410846
1070.591698 486.578025
1011.667900 499.017241
1014.284248 485.662962
1085.884666 494.687641
1045.790749 482.350262
978.961029 490.402104
813.957253 521.246402
848.799648 508.375050
828.028049 513.202897
915.075531 514.093273
819.307880 502.568024
877.652149 507.239156
873.666172 494.397640
804.882145 512.573812
842.668991 495.305847
908.864994 494.653169
1051.584206 528.383149
1058.341599 525.847464
991.289291 529.679493
1034.047394 531.422682
1020.409241 531.883754
1008.829765 530.943457
998.434410 529.206576
993.034515 529.146194
1004.188499 524.155161
1016.985741 522.716135
1029.410019 522.741884
1041.919098 524.064106
1050.012589 525.556240
1043.940811 530.106254
995.448189 527.240914
1054.887886 526.268013
841.194534 542.050538
834.491444 540.673857
900.592575 535.829304
858.399582 542.468190
871.970158 541.218388
883.361950 538.951557
893.497353 536.102922
898.734398 535.429419
888.249035 531.884912
875.833569 532.212152
863.587646 533.776771
851.141682 536.600879
843.082180 539.327527
848.625183 542.410061
896.405125 533.926857
838.115444 540.702503
945.411987 529.005057
945.965767 547.854924
946.844215 568.350778
947.689991 587.750809
948.622684 608.651376
949.856529 632.875843
890.073109 628.185496
898.999043 647.113802
927.238197 657.287571
951.118069 658.596532
974.966011 654.199533
1002.713470 640.605690
1010.001526 620.632868
953.107166 695.176885
953.947678 705.813110
953.822365 708.169484
955.120239 731.494339
930.635948 692.208645
908.265266 692.757232
895.075607 694.172730
879.226227 696.715722
888.578453 696.770890
908.174629 699.392931
920.750256 702.321389
936.212196 704.943173
933.781300 730.547669
935.752316 707.702909
906.819134 702.659154
899.222317 713.657091
898.681240 700.274134
887.821369 704.605794
919.896641 705.552785
914.767284 723.973446
884.402561 694.617805
897.455463 696.909099
975.221786 689.611709
997.796745 687.530916
1011.409721 687.429399
1027.860832 688.057873
1018.771248 689.032609
999.295578 693.836381
986.915131 698.306508
971.684761 702.852659
976.348801 727.987425
971.826324 705.600486
1000.498238 696.952422
1009.333076 706.991909
1008.618736 693.642297
1019.971161 696.747909
987.503357 701.380255
994.696770 719.004493
1022.479134 686.591971
1009.888687 690.167506
