1074.508209 505.186300
1037.233658 496.792381
1059.219017 498.971955
971.230659 511.280075
1066.973076 487.276247
1007.784920 499.882929
1010.186462 486.295910
1082.878876 495.635211
1041.741257 482.947387
975.171089 490.952461
813.135738 521.856948
847.307568 508.346694
826.841927 513.367403
912.631187 514.571017
818.153400 502.616208
875.828018 507.354287
871.784992 494.266351
804.235268 513.285713
841.210270 495.086946
906.283951 494.755940
1048.929634 529.613832
1055.591354 527.090088
988.419113 531.088876
1031.674576 532.745290
1018.159676 533.320173
1006.564407 532.522173
995.986404 530.839784
990.384636 530.705245
1001.423607 525.162181
1014.291801 523.478440
1026.669960 523.425300
1039.156952 524.848620
1047.179604 526.522769
1041.414986 531.334748
992.567940 528.490298
1052.052155 527.346776
840.235634 543.447948
833.804340 542.011979
898.883057 537.342135
856.816692 543.994925
870.107403 542.864728
881.453018 540.709262
891.602612 537.877010
896.915016 537.104373
886.799927 532.883724
874.644871 532.927111
862.566147 534.313256
850.246239 537.184389
842.342262 540.144775
847.321129 543.858004
894.809818 535.236493
837.446880 541.747470
942.318363 529.445561
942.885990 548.075209
943.878422 568.271921
944.838524 587.489069
945.930691 608.167484
947.441368 632.383518
889.882908 630.016458
898.983250 648.746495
926.503544 658.062751
949.704552 658.960304
972.995110 654.533114
1000.333099 641.344757
1007.681465 621.593957
952.682762 695.926831
953.836269 707.074564
953.733215 709.697635
955.387459 733.504643
930.561218 693.225031
908.737564 694.493051
895.734100 696.563931
880.135975 699.909589
889.413071 699.649973
908.732243 701.778467
921.190510 704.299185
936.338139 706.516836
934.305553 732.787142
935.910988 709.455013
907.351742 705.082605
900.009270 716.417341
899.311066 702.945228
888.729687 707.622893
920.269661 707.645166
915.405636 726.504657
885.280437 697.504292
898.113499 699.602144
974.314270 690.123796
996.642151 688.179410
1010.462265 688.331780
1027.112389 689.275618
1017.957001 690.201495
998.664207 694.924092
986.359634 699.389133
971.331940 703.988392
976.255188 729.924924
971.400604 707.004590
999.868240 698.240912
1008.802986 708.706741
1007.968369 694.907870
1019.321251 698.206215
986.908264 702.690825
994.348183 720.884056
1021.646690 687.671957
1009.175606 691.283154
