1076.427383 485.579438
1038.392944 473.769307
1060.775528 476.755475
969.361496 491.642346
1068.974648 464.360998
1008.290863 477.428430
1010.700073 463.037134
1085.443497 475.868415
1043.352928 459.008864
973.540421 469.311572
806.356087 502.414817
838.816338 486.647161
818.949623 491.967559
905.573616 495.900010
810.391617 480.629218
867.031860 486.530743
862.985001 472.684944
797.480621 493.674538
832.537193 472.678764
898.879681 474.330028
1051.174622 517.709041
1057.359810 512.849071
985.142670 522.746390
1034.463501 524.373965
1020.526428 526.223338
1007.403717 525.669730
995.098457 523.810830
987.983894 523.348246
998.912430 509.179552
1012.749825 503.157713
1026.803055 501.574459
1040.791740 503.796583
1049.188042 507.904515
1044.229088 521.205397
989.346313 517.548333
1053.882065 510.829529
833.617001 530.671256
827.460995 526.903921
897.415180 528.021373
849.964371 535.073855
863.790264 535.378243
876.588707 533.421078
888.222713 530.267476
894.822922 528.849145
882.990704 516.186039
869.051914 512.054096
855.116844 512.232217
841.818180 516.016449
834.285393 521.181031
840.340862 533.076199
892.743702 523.288089
830.215073 524.524083
937.959137 516.239179
938.384171 538.972800
938.868256 560.938482
939.277153 581.436396
939.811592 603.418944
940.812550 628.945999
887.947140 627.819407
897.108765 647.949686
922.835941 657.160177
944.492683 658.094680
966.563759 654.580815
993.654556 642.469676
1001.851158 621.405666
948.147869 697.386296
950.071907 708.974276
950.044384 710.625508
951.619492 734.423182
927.073860 694.317956
906.539497 695.345027
894.027157 697.273386
878.313160 700.016513
887.176323 700.070071
906.904335 702.845578
919.114265 705.727236
933.567867 708.187509
931.120605 733.504708
932.615032 710.222340
904.505482 705.506887
897.607498 716.486027
896.683846 703.356378
886.607437 707.799339
917.218781 708.197808
912.723312 726.752107
883.603020 697.901988
896.245766 700.339472
969.449959 691.924181
991.875687 690.503790
1006.492767 690.566554
1024.796677 690.891509
1015.943184 691.795049
995.362473 697.058766
982.491989 701.723363
967.475281 706.055989
972.794952 731.000984
968.092346 708.099897
997.627602 699.496701
1005.982933 709.844406
1006.065216 696.255970
1016.914330 699.592681
984.132271 703.904836
991.090851 721.963978
1018.600044 689.632759
1006.507530 693.190720
