1074.818573 484.410553
1036.586151 472.984375
1059.075165 475.754571
967.728081 491.164860
1067.228165 463.401743
1006.457176 476.881807
1008.819351 462.554691
1083.825302 474.781090
1041.475868 458.302724
971.867180 468.960965
805.845222 502.945733
838.432503 487.387065
818.535004 492.685350
904.740086 495.866922
810.021172 481.508553
866.553383 487.036650
862.479572 473.284836
796.942577 494.280578
832.160339 473.509691
898.038139 474.548478
1049.595451 515.906210
1055.793686 511.101215
983.658714 521.297418
1032.839241 522.512555
1018.915672 524.377506
1005.844460 523.919588
993.556252 522.194456
986.483002 521.846938
997.400322 507.701676
1011.185188 501.627502
1025.206375 499.960788
1039.189110 502.125363
1047.603149 506.190487
1042.620506 519.372407
987.847252 516.093310
1052.315140 509.104815
832.804413 529.955202
826.668262 526.415749
896.421032 527.005953
849.148865 534.055603
862.938080 534.254032
875.662651 532.268801
887.278347 529.126883
893.859386 527.780553
882.015038 515.376645
868.133755 511.388640
854.261971 511.679767
841.009598 515.544562
833.491287 520.719702
839.532166 532.194482
891.731987 522.345765
829.428921 524.049976
936.656227 515.396537
937.025986 537.780032
937.514534 559.630809
937.919712 580.034351
938.451691 601.919568
939.437027 627.379611
886.157684 626.009753
895.181980 646.010900
921.080761 655.396550
942.858009 656.389182
965.081520 652.782619
992.385635 640.482416
1000.596886 619.466558
945.988312 695.216668
947.830639 706.568141
947.740974 708.242290
949.252224 731.904266
924.677982 692.130754
903.767738 692.962453
890.926037 694.732518
874.800396 697.210364
883.807812 697.365503
903.795376 700.242655
916.252384 703.212376
930.972176 705.764186
928.607197 731.028535
930.071354 707.864227
901.485386 703.062773
894.630089 714.015648
893.506336 700.828965
883.330021 705.185924
914.459496 705.806608
909.994984 724.325051
880.224552 695.195875
892.908669 697.675073
967.499199 689.730606
990.123711 688.146386
1004.858780 688.059161
1023.322563 688.169367
1014.488525 689.163995
993.722649 694.480884
980.720787 699.216228
965.501747 703.621531
970.604095 728.466940
965.947723 705.713718
995.869446 697.034690
1004.119606 707.350080
1004.451942 693.729200
1015.268097 697.008619
982.179337 701.485505
989.049568 719.484136
1017.065392 687.005761
1005.003662 690.567842
