1074.603539 485.015659
1036.401443 473.139578
1058.858070 476.127130
967.499657 491.197110
1067.104683 463.773047
1006.281624 476.899477
1008.681908 462.566020
1083.715782 475.418447
1041.372871 458.459280
971.664276 468.932608
806.063175 502.624608
838.297348 486.940123
818.608303 492.249030
904.285641 495.758936
810.233974 481.022215
866.189518 486.680056
862.197247 472.908962
797.287102 493.944165
832.119598 473.047750
897.680740 474.345156
1049.241142 516.981754
1055.475883 512.242742
983.367805 522.112927
1032.442131 523.474642
1018.523598 525.296817
1005.476532 524.799278
993.231926 523.036358
986.179390 522.663027
997.160683 508.818226
1010.952187 502.915317
1024.911003 501.316774
1038.820496 503.471789
1047.233963 507.467004
1042.238960 520.393331
987.571220 517.019670
1051.968155 510.313836
832.813110 530.305263
826.731892 526.769156
896.191921 527.558144
849.045639 534.423687
862.789822 534.666438
875.488758 532.736535
887.064800 529.655610
893.628731 528.321737
881.911583 516.110079
868.107033 512.178916
854.317646 512.426076
841.121178 516.173487
833.598003 521.234268
839.489708 532.541260
891.544991 522.962490
829.506512 524.479022
936.274109 515.781841
936.529427 538.381566
936.889229 560.271063
937.165890 580.663147
937.568550 602.549329
938.423080 628.029521
885.492496 626.495125
894.385700 646.539853
920.199738 656.038992
941.893787 657.121232
964.110718 653.558378
991.525612 641.272595
999.839630 620.283644
944.968128 695.700881
946.836662 707.013602
946.708317 708.854864
948.089447 732.339427
923.709240 692.597072
902.856960 693.342125
890.089302 695.006618
874.119186 697.360482
883.165627 697.608833
902.984562 700.560851
915.349445 703.572736
929.999657 706.169479
927.529278 731.375828
929.082355 708.410239
900.673027 703.433111
893.792324 714.226148
892.789707 701.145101
882.597256 705.359602
913.530750 706.260309
909.022579 724.590526
879.456310 695.407598
892.197418 697.939646
966.520958 690.321550
989.203606 688.759282
1003.980446 688.635428
1022.386322 688.693042
1013.552971 689.730735
992.847176 695.013506
979.816360 699.726641
964.557495 704.112375
969.416542 728.954051
964.947968 706.361697
994.912376 697.663164
1003.043289 707.877102
1003.491898 694.338620
1014.261246 697.545168
981.209450 702.133999
987.892456 719.991395
1016.198158 687.551966
1004.130592 691.094348
