1076.062775 484.852055
1037.787094 473.595114
1060.337219 476.285326
968.664780 491.643827
1068.507271 463.868898
1007.539558 477.469532
1009.933090 463.047370
1085.048218 475.112514
1042.691116 458.798686
972.867165 469.356537
805.210590 502.671214
838.288250 487.163143
818.103733 492.395897
905.266571 496.004391
809.448166 481.101844
866.733284 486.939608
862.644997 473.092554
796.160603 493.960869
831.973572 473.153000
898.536015 474.520508
1050.872383 516.172264
1057.033997 511.319278
984.634209 521.598394
1034.140320 522.868441
1020.197067 524.766190
1007.042885 524.332219
994.667130 522.589030
987.509537 522.199187
998.429031 507.635565
1012.249489 501.360934
1026.377907 499.658943
1040.466843 501.898706
1048.891182 506.128367
1043.934975 519.681011
988.831902 516.253470
1053.581657 509.180324
832.337322 529.911815
826.132679 526.225301
896.527004 527.153882
848.806000 534.175787
862.663536 534.468040
875.516167 532.509588
887.237892 529.394256
893.910313 528.000838
881.977100 515.053074
867.981491 510.786721
853.930550 510.981063
840.524483 514.897002
832.959251 520.229727
839.116402 532.247010
891.812668 522.324039
828.898659 523.718905
937.425041 515.635071
937.848301 537.999061
938.379421 559.847424
938.853378 580.278196
939.469872 602.141011
940.529594 627.620173
887.344036 626.708264
896.574211 646.710763
922.413254 655.810468
943.982735 656.744392
965.958023 653.127208
992.963562 640.972488
1001.188202 619.986949
947.578812 695.922260
949.405231 707.413166
949.311790 708.732169
950.889301 732.485039
926.417313 692.928658
905.742645 694.051065
893.024139 696.063302
877.046928 698.834946
885.902424 698.753772
905.836601 701.471794
918.212471 704.293199
932.774734 706.683819
930.384178 731.689131
931.803017 708.451631
903.450336 704.041758
896.626968 715.098853
895.484791 701.983173
885.460224 706.547863
916.332378 706.580114
911.896877 725.165570
882.427597 696.722674
895.006599 699.012036
968.856697 690.389657
991.205864 688.863502
1005.853729 688.896782
1024.126282 689.104257
1015.315361 689.943359
994.726410 695.318441
981.852608 700.045481
966.825714 704.432309
972.018471 729.062519
967.325935 706.193876
996.894035 697.651641
1005.186653 708.046982
1005.389214 694.401705
1016.172981 697.813089
983.358078 702.018900
990.283928 720.098963
1017.944298 687.928677
1005.906372 691.390915
