1081.174850 483.833867
1044.249573 470.828265
1066.044388 474.495950
975.934639 487.408050
1074.321327 462.341552
1014.627686 473.728495
1017.340622 459.442223
1090.311584 474.431963
1049.446449 456.268119
980.522919 465.097425
812.183247 497.415705
845.602512 481.009083
825.420799 486.563991
912.520123 490.712060
816.830750 475.258641
874.051380 480.948379
870.187511 467.106024
803.115349 488.859018
839.399242 467.080307
906.263008 469.085977
1055.606804 515.620426
1061.667824 511.163303
990.182304 519.887874
1039.062996 521.773489
1025.207977 523.540624
1012.109642 522.949680
999.991493 520.992322
992.991028 520.451621
1003.980217 507.118714
1017.702713 501.680578
1031.531982 500.342488
1045.284691 502.582347
1053.584061 506.489950
1048.740807 518.818316
994.409180 514.898998
1058.273277 509.289179
839.131680 526.292828
832.969837 522.642846
903.281422 524.111452
855.578270 530.648789
869.483070 531.050863
882.293530 529.273235
893.956490 526.207598
900.608311 524.917885
889.089489 512.776040
875.302505 508.819159
861.465626 508.891515
848.117237 512.431290
840.282784 517.268504
845.939312 528.631693
898.675289 519.543575
835.991592 520.432116
944.477463 512.194816
944.835091 534.962876
945.275059 556.796851
945.671711 577.010815
946.149960 598.788657
946.995964 624.266982
892.081203 623.258514
901.288834 643.303306
927.609386 652.671769
949.342232 653.839753
971.475334 650.454440
998.597031 638.610642
1006.817780 617.715096
952.091103 693.203208
953.408890 704.451041
953.879986 706.850545
955.002480 729.818516
930.874386 690.242500
909.920082 690.996888
896.865005 692.727363
880.948792 695.230894
889.813557 695.432575
909.493618 698.150790
921.818962 701.099524
936.555004 703.636980
934.341431 728.787196
936.140499 706.396072
907.545376 701.305647
900.616436 711.687212
899.545841 698.975472
889.401283 703.073459
920.495625 704.164839
915.865231 721.889884
886.137486 693.199475
898.738461 695.551665
973.536644 688.156428
995.821838 686.804659
1010.221252 686.911840
1028.037987 687.403586
1019.289093 688.281248
998.828545 693.095512
985.973854 697.569952
970.926590 701.692786
976.116829 726.525064
971.968117 704.458380
1001.369705 696.009550
1009.318199 705.915656
1009.702492 692.781308
1020.259781 696.003885
988.049011 700.388782
994.421196 717.755206
1022.104340 686.013901
1010.001297 689.333167
