1077.651558 497.394719
1044.748306 484.099213
1064.496002 488.704201
978.306656 494.234648
1072.222710 477.674239
1016.866608 484.025667
1020.103340 470.933869
1086.156464 488.122945
1050.269165 470.840142
983.509483 473.776517
807.196312 492.765559
841.212730 476.325366
820.690327 481.775991
910.705261 490.970678
812.055988 470.270827
870.628395 477.827382
867.428799 464.637834
798.440266 484.393011
835.251617 463.196973
905.522461 469.734020
1051.462898 526.694516
1058.226128 524.136751
989.501152 525.865295
1034.080696 529.661983
1020.267105 529.938465
1008.113365 528.658569
997.207947 526.341044
991.444588 525.710735
1003.282127 519.462883
1016.723785 517.855039
1029.659386 518.290071
1042.387848 520.426708
1050.354080 522.806064
1043.983612 528.308444
993.982544 523.161178
1055.028076 524.119273
835.134602 527.868551
828.258533 524.488742
898.573437 526.203253
852.803879 531.166509
866.938820 531.167057
879.362869 529.598994
890.553875 527.105216
896.401920 526.256200
885.211487 518.941108
871.728172 516.741353
858.419323 516.740999
845.121517 518.968467
836.708965 522.080837
842.706928 529.801995
894.178391 523.278143
831.771584 523.912185
944.958687 516.868587
945.392246 539.684604
945.970631 560.962429
946.665974 580.510712
947.521706 601.827772
948.806477 626.832247
888.083210 621.316059
897.613964 640.968239
926.671143 651.623583
950.810165 653.247392
974.445763 648.915668
1001.647453 635.220373
1008.759041 615.632114
953.932171 687.248704
953.952255 697.504034
954.808788 702.455542
955.567474 725.382700
930.647278 684.510598
907.352715 684.993525
893.703289 685.632877
877.326794 687.270656
886.906242 687.884710
906.627331 690.891187
919.264984 694.033685
935.111961 696.649740
933.120975 723.850107
935.841694 701.834471
905.951099 695.659168
897.846336 705.820127
897.449512 692.611234
886.250668 695.996997
919.329815 699.120054
913.670654 716.746867
882.648354 685.476129
895.920811 688.088644
976.820984 681.730070
1000.007286 678.903515
1013.852921 677.627771
1031.226768 677.216749
1020.929375 678.994153
1000.866852 684.258127
988.147774 689.305294
972.467194 694.229507
977.310333 721.891816
973.419456 699.769964
1002.836151 689.416208
1011.833382 699.640896
1010.975189 685.170872
1022.867775 687.531044
989.627838 694.848583
996.432381 712.715700
1025.388794 675.972741
1011.859932 680.072529
