1078.894958 489.136176
1042.364731 475.380596
1063.921509 479.818987
973.715401 488.297009
1072.565918 468.064474
1012.811737 476.592289
1015.906105 462.546000
1088.395844 479.871805
1048.042145 461.139128
978.701019 466.516818
809.726257 492.846508
842.235775 476.441849
822.487507 481.935089
909.187717 488.382400
814.094124 470.396258
870.611515 477.109011
867.051430 463.288769
801.223755 484.367230
836.283989 462.599237
903.427906 466.677107
1052.046890 519.432918
1058.570595 516.065276
987.857437 520.422395
1034.913254 523.829530
1021.074371 524.777294
1008.458405 523.708960
996.896782 521.416540
990.400543 520.750247
1001.829300 511.063267
1015.588875 507.833319
1028.886566 507.564368
1042.108727 509.903555
1050.294342 513.028060
1044.772682 521.721314
992.244759 516.604915
1055.089417 515.054941
837.136173 524.347218
831.097412 520.988556
899.522896 522.472032
853.289452 528.195051
866.971378 528.566483
879.492760 526.940389
890.794315 524.134208
897.026882 522.996769
886.261139 513.216351
872.935638 510.325617
859.641895 510.380945
846.649761 513.224977
838.746986 517.147064
843.849564 526.407573
895.191250 518.644252
834.261017 519.562114
941.277237 511.446190
941.063404 533.813818
941.007099 555.278034
940.958748 575.281305
941.021404 596.885405
941.592808 622.226615
887.362061 620.862486
896.283875 640.969720
922.734661 650.447166
945.160789 651.664846
967.946205 648.193338
995.732689 636.254332
1004.011803 615.870616
949.051151 690.576146
950.434628 702.188072
950.815144 704.424777
951.652737 727.940304
927.545185 687.500596
906.597462 688.488271
894.190750 690.337579
879.212894 693.123837
888.061180 693.254642
907.108612 696.010966
918.970985 698.854644
933.550301 701.303458
930.704155 726.655805
933.150158 703.855462
905.241852 698.912065
897.777100 709.416776
897.543640 696.677678
887.246132 700.838041
917.726898 701.604853
912.426167 719.705837
884.157600 690.968242
896.883144 693.444736
970.857010 685.393345
993.694496 683.953192
1008.289261 684.116378
1026.566849 684.820104
1017.314644 685.725446
996.515808 690.517631
983.490601 695.057538
968.135834 699.342077
972.918777 724.841323
969.006386 702.111855
998.790665 693.610690
1007.137070 704.129112
1007.258720 690.327859
1018.427124 693.712335
985.222893 697.984772
991.726570 716.110604
1020.435791 683.306887
1007.920647 686.753998
