1079.047050 484.298640
1041.500473 471.554199
1063.558731 475.170836
972.753525 487.728982
1072.035713 463.010967
1011.599808 474.335049
1014.351082 460.022289
1088.474350 474.836419
1046.802521 456.965665
977.332993 465.505421
811.017609 496.906450
843.314610 480.726743
823.665733 486.167647
909.477940 490.645691
815.346680 474.805133
871.354866 480.754777
867.514858 466.894076
802.397232 488.336663
837.257309 466.763817
903.248348 469.065700
1053.025589 515.315491
1059.392166 511.109390
987.882385 519.210413
1036.059608 521.094289
1022.174263 522.680440
1009.279518 522.032944
997.372513 520.124123
990.575066 519.652333
1001.729050 507.199180
1015.457153 502.175606
1029.150810 501.021141
1042.828560 503.217677
1051.148872 506.900586
1045.915146 518.317398
992.145767 514.510603
1055.914192 509.484551
837.787228 525.858600
831.792526 522.425265
900.841370 523.577542
853.892727 529.946287
867.613792 530.274171
880.301056 528.490587
891.830120 525.467405
898.288307 524.250820
886.935024 512.786983
873.307400 509.189755
859.661407 509.344186
846.537952 512.803237
838.880882 517.446849
844.422741 528.062990
896.302986 519.191873
834.693260 520.419724
941.133842 511.947237
941.043949 534.513842
941.113358 556.355317
941.151695 576.680260
941.267910 598.581698
941.874218 624.242713
888.329430 622.719133
897.138233 642.888873
923.285294 652.527251
945.350361 653.696330
968.033066 650.129485
996.017761 637.780359
1004.365654 616.840203
948.591614 692.770879
950.324993 703.952408
950.551014 706.312966
951.577892 729.418502
927.256622 689.756291
906.418819 690.421586
893.832150 692.025504
878.486767 694.435437
887.448292 694.668210
906.779881 697.491803
918.845787 700.485277
933.486729 703.096697
930.975780 728.336070
932.920475 705.832486
904.785690 700.672088
897.758617 711.077600
896.984711 698.283012
886.825333 702.338126
917.460194 703.569775
912.674961 721.436055
883.508263 692.432470
896.267624 694.856822
970.391350 687.557759
993.324051 685.992143
1008.125267 685.923457
1026.658058 686.172838
1017.753868 687.110946
996.772385 692.080028
983.597374 696.727631
968.147507 701.065600
972.879982 726.123698
968.832550 703.892283
998.991051 695.160728
1007.000999 705.250490
1007.692909 691.779857
1018.457680 694.998186
985.222321 699.676237
991.584091 717.269833
1020.446777 684.881194
1008.300476 688.226337
