1079.277306 497.775936
1046.418228 483.844489
1066.073112 488.857087
980.052681 492.883555
1073.800049 478.189512
1018.643646 483.123415
1022.018967 470.283798
1087.882118 488.694094
1052.060852 470.922700
985.470428 472.579179
809.061069 491.092343
843.312435 474.149269
822.763367 479.792433
912.557716 489.019017
814.216461 468.500150
872.640266 475.584337
869.583378 462.585236
800.311832 482.899235
837.462215 461.253712
907.600422 467.842966
1053.027649 526.157516
1059.864120 523.507408
990.638466 525.508572
1035.546341 529.179025
1021.740074 529.496287
1009.530373 528.318905
998.508682 526.116157
992.616348 525.486878
1004.584579 518.132905
1018.172493 515.945574
1031.347046 516.290066
1044.233894 518.704344
1052.178955 521.508915
1045.497322 527.768773
995.188293 522.495335
1056.789093 523.160276
836.600990 526.152238
829.696484 522.549055
900.338230 525.356491
854.179344 529.747889
868.223476 529.901676
880.762653 528.536325
892.107124 526.261575
898.103371 525.476192
886.968727 516.918701
873.396835 513.943251
859.890060 513.665063
846.421337 516.030933
838.046036 519.512612
844.130173 528.251474
895.963840 522.056054
833.187332 521.665857
946.714783 515.892273
947.209396 539.061989
947.818737 560.503449
948.581486 580.208480
949.481392 601.622679
950.857372 626.768839
889.888916 621.461155
899.492798 641.251609
928.688450 651.636071
952.900887 653.049059
976.345253 648.646009
1003.321152 634.991205
1010.383987 615.455153
956.267681 686.700954
956.050987 696.843309
956.755257 700.841839
957.364140 723.545816
932.898846 684.048014
909.452362 684.623058
895.575256 685.157933
878.687553 686.490197
888.212013 687.110238
908.326550 690.385215
921.094036 693.550630
937.024727 696.100252
934.818249 722.215934
937.651005 700.371852
907.451763 694.548025
899.353523 704.628067
898.851013 691.657677
887.695141 695.036745
921.004028 697.824934
915.292568 715.258691
884.277248 684.881580
897.417011 687.491326
979.114037 681.016817
1002.137260 677.915068
1015.861244 676.291323
1033.250084 675.196145
1022.832184 677.128816
1002.859268 682.949681
990.241241 688.239470
974.636307 693.364978
979.121704 720.083256
975.442543 698.062921
1004.851341 687.570183
1013.743858 697.849717
1012.971725 683.309977
1024.868088 685.648391
991.632500 693.083024
998.277397 710.901411
1027.409134 674.244840
1013.801880 678.504467
