1079.503326 497.873558
1046.398430 485.543647
1066.310463 489.593064
980.338097 496.931137
1073.912315 478.474299
1018.317490 486.381848
1021.516685 473.200057
1087.628059 488.680673
1051.690063 472.188209
985.491486 476.620420
810.024719 496.352359
845.192642 480.907663
824.172134 485.989655
914.596653 494.998047
815.325966 474.552662
874.996033 482.549304
871.766338 469.353930
801.027088 487.937905
839.303226 467.682195
909.414654 474.092331
1053.371773 526.113292
1060.186157 523.554883
992.195320 525.376189
1035.931206 529.112592
1022.122993 529.390587
1010.208206 528.127588
999.546318 525.801437
993.975334 525.175699
1005.749702 519.496357
1018.987083 518.092318
1031.762581 518.412219
1044.401436 520.310901
1052.332535 522.482364
1045.831718 527.766713
996.645927 522.831556
1057.026787 523.631680
837.811661 528.906180
830.850964 525.909777
900.649052 526.612215
855.631027 531.635885
869.730492 531.372085
881.949348 529.688183
892.886639 527.231097
898.564854 526.473845
887.672482 520.306138
874.508286 518.708174
861.494408 518.932450
848.273563 521.075782
839.744396 523.942827
845.494194 530.511900
896.392937 523.988822
834.575500 525.572044
947.912922 518.059809
948.602200 539.608129
949.454784 560.488322
950.393829 579.887130
951.446915 600.947921
952.815971 625.547748
890.852509 621.513426
900.589886 641.104646
929.774094 651.239791
953.742542 652.593040
977.075615 648.453727
1003.975182 635.223334
1011.087456 615.551004
956.292629 689.168179
956.023235 700.111978
956.180706 702.566264
956.849613 726.166184
933.169956 686.201227
909.754200 686.639349
895.453835 687.461007
877.975960 689.052887
887.328701 689.556091
908.000278 693.169026
921.171284 696.522217
937.226143 699.226978
934.458733 724.799995
937.256126 702.049155
906.898899 696.497948
898.832474 707.215991
898.098621 693.809602
887.029781 697.591774
920.644341 699.606392
914.904900 717.878029
883.830242 687.297692
896.768703 690.126822
978.879433 683.539209
1001.526604 680.890903
1015.212021 679.898787
1032.087364 679.297671
1022.114754 680.875454
1002.291985 686.792943
989.713554 691.921735
974.320679 696.812603
978.584175 722.688625
974.696045 699.953620
1003.902512 690.321229
1012.758751 700.936854
1012.053223 686.516719
1023.737297 689.277613
990.745811 695.308592
997.515564 713.647692
1026.494179 678.191936
1013.162155 682.416801
