1079.542923 495.286567
1045.448799 481.150446
1065.754166 486.200895
978.310204 490.419291
1073.824081 475.376444
1017.034950 480.646888
1020.407066 467.480385
1088.490372 486.251525
1051.167526 467.929934
983.692017 469.769940
808.777943 489.095106
842.752934 472.183671
822.294445 477.792685
911.672688 486.857210
813.804874 466.368985
872.051754 473.678348
868.914986 460.380170
800.236473 480.907502
836.977386 458.983630
906.590824 465.443366
1053.109703 523.445030
1059.888840 520.804900
990.375366 522.521503
1035.701981 526.559976
1021.915054 526.932567
1009.650993 525.728180
998.581810 523.378179
992.564621 522.621667
1004.313126 515.076989
1017.847824 512.927735
1030.949135 513.259288
1043.893433 515.706943
1051.932793 518.543090
1045.633621 525.077981
994.885712 519.400088
1056.621666 520.278779
836.233692 523.650606
829.664268 520.118651
899.641457 522.606508
853.255177 527.342463
867.180405 527.650906
879.771023 526.263700
891.182785 523.839251
897.269955 522.894255
886.498203 514.153365
873.104153 511.304988
859.652996 511.034621
846.288071 513.439307
837.934170 516.921018
843.437061 525.753061
895.357304 519.198471
833.122559 519.108703
945.133953 512.688074
945.222816 535.241772
945.426865 556.389563
945.790329 575.948789
946.269207 597.200639
947.244072 622.220628
889.006062 619.064226
898.492928 638.794363
926.544743 648.553119
949.837246 649.814186
972.854691 645.860910
1000.007744 633.151038
1007.671623 613.589108
953.530998 686.230066
953.766460 697.001860
954.259071 699.571373
954.778404 722.510891
931.087589 683.465567
908.790321 684.203603
895.587845 685.203638
879.752426 686.884804
888.897514 687.206089
908.313103 690.589600
920.557537 693.690963
935.751629 696.189280
933.037148 721.140840
935.880146 699.068105
907.054653 693.708344
899.128532 703.884108
898.909206 691.174750
888.191757 694.887400
919.922619 696.662872
914.255161 714.224732
884.935970 685.225074
897.862129 687.684767
975.785294 680.822153
998.449974 678.318815
1012.361526 677.355859
1029.798317 676.750302
1019.783592 678.201656
999.738579 683.875301
987.093544 688.942938
971.797829 693.736603
976.100693 719.232309
972.526588 697.022846
1001.728935 687.414722
1010.382271 697.837293
1009.928398 683.612273
1021.509132 686.460714
988.527946 692.399576
995.013084 710.356622
1023.976135 675.711000
1010.757751 679.563146
