1080.569916 494.040692
1045.559578 480.083592
1066.405907 484.645965
977.935638 492.732503
1074.410477 473.062395
1016.683273 481.123635
1019.592590 467.405680
1089.131927 484.943787
1050.928688 466.269271
982.642365 471.416892
809.035835 497.464049
842.601643 480.210793
822.349548 486.154997
911.140709 492.505717
813.735867 474.625179
871.626377 480.879596
868.302498 467.304164
800.433884 489.232317
836.687164 466.733787
905.685940 470.964446
1054.533119 526.549870
1061.152725 523.875268
991.797867 525.657628
1037.212601 529.808464
1023.329659 530.294770
1011.106567 529.045161
1000.112801 526.528594
994.107285 525.706100
1005.292282 520.440388
1018.623962 519.427478
1031.355858 519.716449
1044.175529 521.298673
1052.494926 523.083544
1047.120209 528.280377
996.178322 523.276373
1057.534561 523.989948
836.869297 532.102783
830.480690 529.357241
899.448509 528.104060
853.921509 534.634058
867.868710 534.371803
880.152569 532.468936
891.108112 529.574404
897.015381 528.351638
886.840038 522.867894
873.878632 522.110417
861.098557 522.671202
848.077869 524.853930
839.465160 527.538124
844.097557 533.531960
895.317020 525.739864
834.233265 529.019283
944.959488 516.147641
945.301266 538.171324
945.697289 558.773682
946.127014 577.754323
946.594563 598.323884
947.519073 622.636607
889.239979 622.911093
898.949375 642.159591
926.813221 651.035728
949.983158 651.813805
973.015938 648.321762
1000.446281 636.373100
1008.514595 616.760123
953.381710 690.728323
954.016056 703.097663
954.178162 704.956241
954.998646 729.500513
930.996094 687.815895
908.691444 689.019992
895.175171 690.764179
878.942585 693.421047
888.336582 693.613265
908.190765 696.875110
920.781212 699.889054
936.136494 702.317913
932.997036 728.183184
935.756207 704.430828
906.574230 699.520197
898.438911 710.733204
898.378201 697.217896
887.396393 701.575112
919.686584 702.222705
913.868237 721.254780
884.320564 691.268091
897.527332 694.050679
975.616379 685.252175
998.558922 683.526077
1013.031921 683.422694
1030.638657 683.811958
1020.915756 685.006721
1000.559235 690.624940
987.603607 695.474739
972.156830 700.013294
976.924667 726.003256
972.740021 702.390783
1002.451057 693.423622
1011.401825 704.356477
1010.730171 689.987648
1022.450409 693.259985
989.005852 697.998548
996.020393 716.861708
1024.850235 682.352364
1011.736336 686.452475
