1080.993462 482.493814
1043.985100 472.048777
1065.720291 474.584334
976.437149 492.776631
1073.669357 461.657041
1014.480400 476.736420
1016.578560 462.652473
1089.502487 472.497103
1048.677063 457.537394
979.832039 470.914943
813.632812 514.862949
846.316109 498.255097
826.763134 504.738232
912.803593 501.592258
817.426586 493.956492
874.194832 495.544188
869.682770 482.380453
803.739853 506.366065
839.294987 484.981316
905.712719 481.260170
1055.417404 517.002193
1061.615181 513.257807
992.210541 522.368327
1038.468590 522.283452
1024.649963 524.010065
1012.150612 523.816785
1000.734787 522.356547
994.531517 522.242349
1005.220757 514.618975
1018.501396 511.549090
1031.475563 510.489156
1044.539909 511.217183
1052.985077 512.626727
1048.200874 519.754364
996.287041 519.183086
1058.039589 513.423536
842.817593 540.723360
836.230946 538.999386
903.709087 532.513096
859.855900 541.666038
873.523407 540.459688
885.314541 537.760849
895.794697 534.067866
901.467018 532.699649
890.568352 527.993177
877.619247 528.260840
865.162182 530.234903
852.700768 533.620634
844.668903 536.871278
850.080528 541.349001
899.304428 530.340443
839.812145 538.600531
946.171074 519.636047
947.856617 541.621621
949.638119 562.927802
951.182442 582.627747
952.885952 603.798487
954.967232 628.409772
896.112385 627.598929
905.954876 646.575515
933.812771 655.378397
956.692314 655.793474
979.666672 651.200395
1006.720161 637.557628
1013.873405 616.736047
959.463387 693.906162
960.771790 705.078614
961.216278 708.254263
963.345909 731.669111
937.206631 691.849186
915.135841 693.172567
901.602573 695.107942
885.478821 698.230097
895.044708 698.113775
914.934883 700.139208
927.672729 702.772644
943.152065 704.867985
941.941795 731.349757
942.953453 708.384748
913.520451 703.842974
906.219807 714.977446
905.316238 701.551874
894.333057 706.102402
926.840801 706.556940
922.453537 725.075383
890.624886 695.875461
903.995934 697.807810
981.218834 687.942388
1003.467522 685.634680
1017.100983 685.185935
1033.201561 685.364892
1024.298973 686.658854
1005.275002 692.060716
993.236847 696.907489
978.414345 701.688988
984.712029 727.266705
979.259148 705.067477
1007.300262 695.365305
1016.395454 704.788034
1014.944000 691.693275
1026.173859 694.245214
994.778481 700.337026
1002.539520 717.426002
1027.971611 683.975143
1015.478554 688.029163
