1082.961273 485.576767
1047.218399 473.223392
1068.350487 476.597568
980.847473 490.048889
1076.151466 464.498531
1018.426437 476.369816
1021.069679 462.184803
1091.548805 476.176407
1052.087860 458.811561
985.401993 467.923304
817.719555 500.178723
852.274647 483.795276
831.662636 489.386233
918.855743 493.322707
822.735443 478.194952
880.790348 483.641424
876.945076 469.931130
808.034420 491.740837
845.961742 469.997370
912.680340 471.851667
1058.183899 516.699640
1063.974266 512.184033
993.823814 521.874168
1042.234497 523.077589
1028.722687 525.023264
1015.740166 524.737029
1003.604393 522.987210
996.627159 522.495818
1007.308960 508.406239
1020.788383 502.436671
1034.560890 500.858245
1048.150635 503.107438
1056.267815 507.178581
1051.608810 519.986494
997.950096 516.662947
1060.758362 510.176786
844.526768 528.475492
838.179359 524.761684
908.649445 526.362931
861.164703 532.757295
874.914551 533.171825
887.655945 531.456413
899.324112 528.485051
905.959511 527.206249
894.286423 514.459040
880.483475 510.136553
866.741295 510.140641
853.382835 513.861594
845.565548 518.942395
851.454906 530.794208
904.010525 521.630806
841.276932 522.374153
950.416431 514.460682
951.388493 537.008747
952.530899 558.696306
953.586102 578.746119
954.851818 600.294085
956.338749 625.553477
899.823532 625.025296
909.388905 644.813046
936.057529 653.869879
957.593765 654.849122
978.963547 651.247709
1004.765282 639.263127
1012.281303 618.628292
960.333252 693.316119
960.982132 704.273307
961.547585 707.160759
962.827034 729.656618
938.894978 690.686159
917.303066 691.663535
903.387280 693.366652
886.130562 695.826731
894.936733 696.045020
915.458851 698.553636
928.443775 701.367896
943.637466 703.676634
942.088394 728.922315
943.515587 706.953735
913.824577 702.134900
907.112045 712.455053
905.264568 699.781358
895.130882 703.810079
927.405968 704.930170
923.144188 722.442849
891.806259 693.836446
904.121361 696.017790
981.381798 688.075125
1002.942810 686.327784
1016.809387 686.061409
1033.739548 686.150179
1024.870720 687.324214
1005.337257 692.330310
992.983475 696.952615
978.339615 701.297021
983.508682 726.238925
979.323921 704.561956
1007.754707 695.699594
1015.677109 705.443995
1015.699081 692.241089
1026.182671 695.164783
994.915123 700.284176
1001.336632 717.406561
1028.149796 684.955931
1015.976944 688.469925
