1081.636734 481.266221
1044.476624 472.237004
1066.478806 473.854440
976.628265 495.515542
1074.392281 460.727849
1014.655952 478.304225
1016.745300 464.196782
1090.066566 471.087044
1049.100838 457.599771
980.037918 473.684367
813.861866 518.971814
846.870003 503.845636
827.088146 509.723085
913.449841 506.300050
817.915592 499.053580
874.849319 501.143482
870.305901 488.069676
803.927364 510.180359
839.930191 490.534680
906.223068 486.403992
1055.817833 515.459622
1062.225609 511.135107
992.597694 522.372061
1038.444214 521.471096
1024.394188 523.332732
1011.917381 523.206303
1000.577888 521.963003
994.594231 522.105074
1005.681725 513.262925
1018.937416 509.293717
1032.079010 507.722694
1045.327148 508.337359
1053.803215 510.046946
1048.431129 518.668327
996.722832 518.795432
1058.800278 511.086667
842.553749 541.989770
835.699024 540.319033
903.845730 533.701487
860.120373 542.768555
873.979740 541.277483
885.710220 538.415104
896.193981 534.765218
901.819096 533.631063
890.211983 528.634139
876.935234 528.663912
864.247971 530.765820
851.749477 534.477439
843.862324 537.995038
850.096035 542.602472
899.264946 531.389916
839.113140 539.887025
946.593304 522.181066
948.275070 543.971686
949.941845 565.706978
951.380024 585.850132
952.863464 607.588384
954.646568 632.654850
894.540825 628.636558
903.882465 647.874563
932.246647 657.892613
955.644836 658.790746
979.236031 653.834088
1006.921692 639.034731
1013.984413 617.765887
956.958046 693.788166
958.258495 704.269896
958.078251 708.010998
959.913311 731.226032
934.363575 691.455095
911.728935 692.090070
898.135643 693.407786
881.699409 696.099350
891.576977 696.461577
911.573696 698.473620
924.493332 701.278160
940.301056 703.812203
938.621292 730.830460
939.771366 707.971859
910.126419 702.827554
902.865772 713.994534
901.862183 700.300269
890.769138 704.486253
923.587990 705.854566
919.146709 724.430108
886.995335 693.876550
900.570545 696.149948
979.473724 687.929513
1002.443619 685.561037
1016.214180 684.947240
1032.532425 685.010326
1023.806992 686.563261
1004.362679 691.604891
991.910019 696.279659
976.548500 701.016097
981.680603 726.947672
976.586723 705.018103
1005.624390 695.392213
1014.400749 704.614677
1013.744774 691.747026
1024.802170 694.048426
992.585335 700.347068
999.934158 717.239707
1027.263451 683.689456
1014.918594 687.806432
