1081.419868 485.416832
1044.987373 472.768049
1066.411972 476.283846
977.889862 489.298396
1074.450073 464.208723
1015.874062 475.729594
1018.507805 461.558454
1090.332527 476.069226
1049.971504 458.368256
982.393112 467.169399
815.567207 499.013346
849.299240 482.720890
829.065514 488.240490
915.518875 492.395092
820.285206 477.025681
877.516823 482.619148
873.633270 468.908694
806.155243 490.587820
842.981472 468.909949
909.278584 470.939373
1056.361198 516.605719
1062.249527 512.148145
991.459694 521.514387
1040.225601 522.837188
1026.636429 524.732201
1013.597374 524.391153
1001.397972 522.640593
994.328957 522.139739
1005.134697 508.150098
1018.768845 502.263315
1032.596054 500.790203
1046.245079 503.085551
1054.425659 507.168217
1049.690094 519.824467
995.619049 516.326566
1058.972282 510.148913
842.455502 527.524799
836.286163 523.841826
906.284180 525.716722
858.778210 531.861287
872.450066 532.370993
885.210171 530.744737
896.917191 527.824938
903.582745 526.568216
892.076855 513.789561
878.338108 509.455615
864.600449 509.424716
851.290054 513.061341
843.541546 518.087779
849.207230 529.857323
901.697502 520.959170
839.319706 521.472609
947.078648 513.784025
947.762375 536.326650
948.627720 557.943914
949.414215 577.931607
950.385361 599.433095
951.675167 624.659529
896.587601 624.188833
905.960140 643.972528
932.272854 653.017001
953.724174 654.022958
975.299034 650.557179
1001.641502 638.786445
1009.464798 618.209417
956.730194 692.697237
957.729721 703.642387
958.219643 705.895958
959.473057 728.318303
935.393543 689.948058
914.130650 690.854237
900.531521 692.574735
883.705215 695.004044
892.496338 695.175211
912.771149 697.785537
925.550594 700.615504
940.555229 702.970397
938.818073 727.510421
940.283546 705.615742
910.958977 700.931640
904.256115 711.226623
902.589111 698.720040
892.532101 702.791054
924.331741 703.616896
920.038433 721.069965
889.246616 693.051481
901.593533 695.241194
977.887917 687.539027
999.752426 685.936139
1013.970566 685.774240
1031.450272 685.884769
1022.633743 686.893687
1002.657623 691.870687
990.045433 696.458359
975.181274 700.729187
980.278931 725.030901
976.119690 703.409164
1005.084572 694.868410
1012.981110 704.709306
1013.268929 691.559443
1023.748283 694.675870
991.944008 699.293153
998.325348 716.418693
1025.637131 684.709060
1013.543930 688.036244
