1081.181717 479.517431
1043.910599 470.249809
1065.920563 471.928271
976.273384 494.009246
1073.862991 458.735279
1014.138336 476.465378
1016.146545 462.271128
1089.637413 469.367834
1048.515930 455.549684
979.539070 472.036643
814.038563 518.727551
846.814098 502.966847
827.190228 509.133332
913.200188 505.154500
817.883606 498.523597
874.678059 500.071285
870.032902 486.976880
803.993168 510.060850
839.766197 489.682993
905.862122 485.149394
1055.559540 514.505711
1061.824722 510.115728
992.411499 521.818968
1038.410797 520.741493
1024.439735 522.762612
1011.904793 522.723087
1000.540009 521.506501
994.499931 521.616708
1005.289078 512.555948
1018.447609 508.470837
1031.522713 506.798555
1044.738464 507.309483
1053.253899 508.960458
1048.292885 517.805117
996.423111 518.175970
1058.313103 510.020907
843.110733 542.231877
836.320667 540.565324
904.307156 533.620924
860.524235 543.127112
874.328899 541.702924
886.058235 538.779520
896.563740 534.992423
902.222443 533.694212
890.606747 528.535359
877.340183 528.621973
864.715290 530.785421
852.308979 534.552401
844.455299 538.101801
850.572739 542.893374
899.712753 531.263391
839.727345 540.040877
946.392288 521.162460
948.092365 542.961545
949.799366 564.581609
951.268616 584.582756
952.784672 606.146686
954.604855 631.078162
894.949722 627.991025
904.343891 647.067583
932.461853 656.838505
955.611763 657.606475
979.061279 652.714512
1006.648636 638.052270
1013.674393 616.847026
956.945229 693.026762
958.308449 703.576856
958.384953 708.328807
960.264816 731.450050
934.453011 690.860159
911.962738 691.659801
898.443947 693.117013
882.236938 696.085188
892.244911 696.449733
911.916618 698.112166
924.702244 700.805790
940.396671 703.210766
939.033108 731.079390
940.125961 708.309882
910.679340 703.090711
903.336411 714.182246
902.459049 700.471437
891.263351 704.621437
923.994942 706.175916
919.588966 724.674211
887.377052 693.727076
901.061497 695.892971
979.372902 687.183173
1002.221947 684.847140
1015.958519 684.287996
1032.110596 684.619260
1023.411255 686.194983
1004.150047 691.010149
991.787682 695.605481
976.540604 700.297437
981.917725 727.048545
976.776352 705.251648
1005.502853 695.369682
1014.314346 704.416344
1013.525276 691.594076
1024.516983 693.752182
992.637520 700.452254
1000.038414 717.177007
1026.878815 683.135333
1014.606743 687.247996
