1082.196693 480.172781
1045.127220 471.407300
1067.135010 472.749478
977.000198 495.867051
1075.052605 459.573834
1015.298538 478.034277
1017.335815 464.030764
1090.607643 470.060456
1049.765511 456.855522
980.345535 474.214221
812.897301 518.085719
845.622253 503.237182
825.871010 508.881794
912.888050 506.744578
816.604099 498.157282
873.826618 501.104375
869.196625 488.110392
803.059845 509.336171
838.573780 490.010072
905.581856 487.069899
1056.661148 515.497924
1063.066864 510.931753
993.024101 523.103628
1039.175720 522.006004
1024.942017 524.045116
1012.251205 523.947848
1000.889053 522.696855
994.958038 522.824314
1006.163406 513.909584
1019.436378 509.801524
1032.627296 508.066864
1045.968933 508.450173
1054.577637 509.986435
1049.223747 518.950185
997.173500 519.526967
1059.612122 510.940089
842.240181 542.418816
835.263805 540.467348
904.015732 534.548571
860.064640 543.696685
874.157238 542.320969
886.036549 539.420482
896.537991 535.665025
902.059708 534.493436
890.178165 529.436131
876.744404 529.335097
863.931942 531.325318
851.344929 534.880865
843.368969 538.276541
849.916420 543.295383
899.321995 532.211702
838.655090 540.100615
946.665916 522.831137
948.408966 544.726202
950.075684 566.436388
951.520329 586.577418
952.995129 608.354101
954.777431 633.377373
895.138435 628.183951
904.406090 647.303445
932.664299 657.686620
955.837498 658.783665
979.288788 653.819411
1006.950989 638.867619
1013.956146 617.677824
957.109108 692.463434
958.562737 702.651880
958.542423 706.577411
960.437851 729.427578
934.458733 690.113304
911.867065 690.385666
898.367271 691.274142
882.346401 693.230245
892.285995 693.910861
911.825237 696.326265
924.611034 699.349802
940.443306 702.090354
939.216099 728.861160
940.216770 706.440876
910.826855 700.818794
903.690834 711.736071
902.597923 698.066525
891.527138 701.909337
924.143257 704.081218
919.900589 722.323115
887.421112 691.317787
901.028194 693.775291
979.777451 686.780841
1002.933884 684.383655
1016.863747 683.502710
1033.262329 683.135269
1024.517326 684.890850
1005.054817 690.060840
992.526512 694.758718
977.107658 699.481380
982.241249 725.168402
977.129173 703.703864
1006.261024 693.995705
1015.039330 703.024342
1014.432564 690.282025
1025.484467 692.331212
993.187752 699.023495
1000.565414 715.577595
1027.950897 682.023869
1015.651703 686.184490
