1080.193977 485.408367
1042.631607 474.047656
1064.847221 476.770442
973.681068 492.563138
1072.958565 464.211781
1012.613525 478.053235
1015.082359 463.610054
1089.088554 475.606674
1047.584496 459.224063
977.998924 470.178001
809.362507 503.835304
842.686214 488.277762
822.461300 493.551167
909.778347 497.163652
813.780727 482.156982
871.160603 488.030022
867.139664 474.158506
800.173588 495.024183
836.366615 474.217601
903.210068 475.639440
1054.738197 517.645344
1060.908394 512.812314
988.727417 523.185285
1037.979012 524.361348
1024.013214 526.281885
1010.877457 525.857602
998.568192 524.102150
991.524811 523.722897
1002.519264 509.728621
1016.359177 503.720398
1030.436783 502.034855
1044.436798 504.136409
1052.822800 508.092259
1047.784195 521.170185
992.945023 518.032451
1057.492332 510.919940
836.439228 531.587992
830.170155 527.988253
900.750618 528.795844
853.079910 535.748645
867.002506 535.971086
879.813995 533.984728
891.504707 530.852723
898.144455 529.539385
886.287746 517.253087
872.314396 513.296206
858.342762 513.603169
844.940987 517.408161
837.257652 522.475863
843.320389 533.851701
896.053276 524.184194
833.063164 525.737418
942.116947 517.290874
942.600231 540.091474
943.238640 562.099514
943.780174 582.574575
944.476719 604.510067
945.550060 630.024698
890.768566 628.525386
900.040455 648.632426
926.371822 658.007004
948.274040 659.006073
970.504074 655.326190
997.667656 642.942753
1005.876846 621.819971
951.232967 698.337922
952.728596 709.701111
952.660675 711.512117
954.119682 735.179951
929.827309 695.324364
908.680115 696.225908
895.601292 697.993140
879.149895 700.547526
888.153019 700.597222
908.400707 703.441029
920.999508 706.429160
935.832939 708.928828
933.389626 734.330163
934.924622 711.191797
906.078243 706.379979
899.111080 717.302020
897.962894 704.104328
887.728157 708.484590
919.191170 709.149499
914.656677 727.647536
884.654045 698.474393
897.388115 700.848985
972.695847 692.830102
995.049591 691.196637
1009.461021 691.094220
1027.391167 691.204555
1018.496475 692.133071
998.062820 697.517231
985.295105 702.282057
970.247955 706.708667
975.418053 731.660357
970.780220 708.915567
1000.262032 700.117385
1008.556137 710.354497
1008.655472 696.751707
1019.477806 700.000484
986.830673 704.617960
993.707886 722.569921
1021.335411 690.016873
1009.135437 693.559384
