1080.309792 480.293351
1043.290672 468.869587
1065.231171 471.558963
974.772835 489.895810
1073.157349 458.863896
1013.488884 473.628427
1015.792580 459.468713
1088.894119 470.503149
1048.141365 454.320706
978.645515 467.647562
809.988899 508.645964
842.978611 492.017512
823.125801 498.119624
910.025883 497.838281
814.255028 487.231733
871.125526 490.352536
866.934414 477.011197
800.436287 500.068839
836.383095 478.562715
903.251152 476.987958
1054.973030 515.319997
1061.212578 510.570105
989.684372 521.760968
1037.933464 521.959591
1023.806076 523.991847
1010.791054 523.785242
998.778076 522.248497
992.128258 522.032493
1003.167114 510.072373
1016.784554 504.818408
1030.532455 503.032411
1044.335976 504.374524
1052.874184 507.344052
1047.820129 518.827618
993.877373 517.279158
1057.765961 509.412807
837.608986 535.967063
831.007919 533.125412
901.286259 530.235740
854.843502 538.628823
868.891869 538.021882
881.364956 535.549958
892.611694 532.069888
898.880024 530.706854
886.930504 521.665986
873.105412 519.505016
859.602242 520.664535
846.513634 524.472456
838.629513 528.928710
844.886055 537.506157
896.540794 526.686630
834.128494 531.642580
943.527489 517.316816
944.773579 540.343044
945.974751 562.272742
946.993160 582.473702
948.096542 604.216719
949.506855 629.460211
891.627216 627.272880
901.032486 646.872790
928.663330 656.532218
951.402512 657.425265
974.276047 653.072555
1001.664963 639.305742
1009.160042 618.202336
953.515263 694.560256
954.795513 705.334818
954.765186 708.343935
956.158047 731.355035
931.203403 691.987460
908.901100 692.501092
895.167332 693.626461
878.233738 695.614493
887.906055 696.195846
908.250618 698.993754
921.232967 702.121768
936.883392 704.723146
934.874439 730.684204
936.377392 708.161566
906.549282 702.840493
899.369259 713.593233
898.175926 700.233192
887.356510 704.151835
920.090675 705.925956
915.558472 724.085648
883.733253 693.739114
897.096348 696.279337
975.923538 688.849983
998.923073 686.435287
1013.313103 685.512307
1030.897064 684.776201
1022.001114 686.434450
1001.617355 692.229953
988.712654 697.259610
973.236923 702.044520
978.140373 727.301595
973.600731 705.422301
1003.463058 695.618291
1011.857529 704.998984
1011.855583 691.830068
1022.801743 694.117112
989.975052 700.688567
996.794701 717.688322
1025.107155 683.837450
1012.750397 687.981205
