1078.558502 482.961613
1041.718140 471.729841
1063.504601 474.383715
973.530579 491.276032
1071.420364 461.859816
1012.077255 476.046116
1014.502716 461.786560
1087.246170 473.231792
1046.554985 457.073908
977.696457 469.057975
810.268250 505.604371
843.252983 489.480700
823.325443 495.107546
909.898224 497.128054
814.592113 483.988427
871.445045 488.625247
867.338676 475.064460
800.916367 497.023705
836.832504 475.732974
903.302193 476.001635
1053.396950 515.831537
1059.506721 511.043408
988.126945 522.096062
1036.679993 522.564665
1022.778511 524.603423
1009.724350 524.357518
997.579994 522.760295
990.752678 522.494659
1001.732140 509.178876
1015.414581 503.335834
1029.303818 501.571562
1043.138351 503.344138
1051.480293 506.914330
1046.433563 519.357569
992.297859 517.154210
1056.169281 509.427871
837.392921 533.047328
831.012268 529.764755
901.061096 529.075577
854.139690 536.593895
868.016453 536.464022
880.646782 534.298192
892.109585 531.006542
898.547688 529.683902
886.642513 518.583226
872.773533 515.301554
859.061909 515.978726
845.865555 519.828265
838.203964 524.700658
844.380970 535.017625
896.348991 524.836614
833.967648 527.795327
942.295589 517.127398
943.125114 540.026007
944.085560 561.993492
944.936657 582.376950
945.894470 604.251931
947.245674 629.761605
891.379681 628.011625
900.745239 647.945566
927.480183 657.408593
949.535408 658.333440
971.846695 654.206808
998.873177 641.054628
1006.595879 619.877450
952.445412 696.799793
953.800392 707.623472
953.950195 710.429685
955.366859 733.351951
930.841312 694.172988
909.451160 694.916754
896.237068 696.401260
879.795513 698.761110
889.037876 699.012938
909.075050 701.625259
921.664982 704.581783
936.689644 707.050166
934.646244 732.631745
936.109886 710.246737
907.124920 705.188756
900.169601 715.727262
898.972492 702.746508
888.572502 706.788554
920.280762 708.136010
915.847435 726.045227
885.195694 696.746686
898.136902 699.041841
974.072914 691.182282
996.374588 689.009113
1010.489273 688.415208
1027.930183 688.081434
1019.089737 689.356599
998.991737 694.865513
986.414452 699.778590
971.435509 704.434562
976.598969 729.495428
972.089195 707.597015
1001.161766 698.087189
1009.411354 707.657204
1009.399109 694.402606
1020.137558 697.040870
988.001060 702.983723
994.750671 720.128896
1022.100792 686.996427
1009.887428 690.774093
