1079.210587 484.126604
1042.609062 472.487061
1064.275589 475.357100
974.514198 491.206123
1072.242851 462.868445
1013.094292 476.434350
1015.639343 462.106075
1087.993469 474.414840
1047.560234 457.755361
978.883667 468.887451
810.259609 503.451995
843.631840 487.408791
823.491211 492.890636
910.744286 496.068313
814.730930 481.604598
872.078419 486.971601
868.057594 473.233820
800.881176 494.761155
837.259026 473.484392
904.246731 474.670304
1054.009895 516.663494
1060.025597 511.860108
988.696747 522.469683
1037.476387 523.410108
1023.640709 525.423889
1010.555077 525.070385
998.368378 523.329610
991.430511 522.968445
1002.357101 509.168705
1016.064720 503.238598
1030.021362 501.529334
1043.874550 503.527987
1052.132607 507.344631
1047.156258 520.184891
992.876129 517.371694
1056.744690 510.054188
837.475262 531.455512
831.133804 527.903152
901.752949 528.397794
854.179459 535.553015
868.122711 535.692930
880.898037 533.672261
892.546864 530.446175
899.152336 529.117613
887.240353 517.105865
873.242912 513.322020
859.337826 513.739479
846.007862 517.553837
838.307018 522.546995
844.414158 533.687904
897.041016 523.881898
834.086266 525.743179
943.177528 516.659567
943.883972 539.664102
944.706573 561.654568
945.442371 582.057788
946.304626 603.974290
947.510777 629.499865
891.686325 628.209765
901.084499 648.296463
927.629128 657.563281
949.520588 658.515680
971.673546 654.753141
998.563728 642.302563
1006.527100 621.107812
952.197819 698.080688
953.422794 709.270778
953.583241 711.472399
954.946518 734.701402
930.895844 695.287156
909.744701 696.203635
896.593323 697.964494
880.177174 700.601342
889.177380 700.620847
909.281559 703.261492
921.804199 706.175787
936.628017 708.600590
934.316597 733.923132
935.919113 711.222117
907.101059 706.382618
900.110950 717.030494
898.995838 704.092741
888.714180 708.364921
920.202198 709.168875
915.646133 727.259495
885.598354 698.488491
898.340893 700.704660
973.479538 692.661767
995.430565 690.973907
1009.350014 690.849602
1026.594429 691.100721
1017.791977 692.036834
997.796402 697.245770
985.367088 701.920345
970.621490 706.306014
975.944138 731.101792
971.427155 708.839736
1000.175171 699.985356
1008.410454 709.841831
1008.311234 696.618454
1018.969231 699.674435
987.157860 704.530349
993.903809 722.003374
1020.795364 689.802704
1008.587494 693.341610
