0.161119
0.578561
-0.37334
0.0639782
-0.0340963
-0.468694
-0.153997
0.152398
-0.565669
0.404996
-0.358004
-0.836496
0.0506729
0.54252
-0.0909105
0.11503
0.109094
0.312366
-0.633437
0.161601
-0.734745
-0.230297
0.556751
-0.0340707
0.158983
0.617715
0.586567
0.26101
-0.211673
-0.325478
-0.198855
0.0163075
0.320212
0.226639
0.417697
0.263443
0.00104113
0.963271
4.82144e-05
0.385564
0.130747
0.15228
0.627318
-0.643749
-0.608656
-0.0958195
-0.224153
0.442075
0.00166666
-0.186249
0.322771
0.116741
-0.00982735
-0.208647
-0.0119834
0.053374
0.277349
-0.219391
0.242325
-0.296619
0.329707
-0.703201
-0.307584
0.464756
-0.310575
0.486304
-0.292484
-0.387813
0.492256
-0.820138
0.370863
-0.0950454
-0.0787952
0.0168683
0.0627434
-0.238918
-0.026809
-0.00636816
0.255699
-0.118666
0.613405
-0.270227
-0.161017
0.408886
-0.0459597
0.218986
0.590143
-0.302718
0.0202121
0.30081
-0.153013
-0.165008
-0.0829482
0.189763
-0.123889
0.128699
0.129257
0.254296
-0.163522
-0.233773
0.710815
0.571016
0.353093
0.45746
0.272294
0.0210399
0.120126
0.561457
0.0964833
-0.381715
0.157686
-0.51013
0.341328
-0.0844747
-0.317175
-0.208138
0.172829
-0.0302071
-0.454282
0.139676
0.384485
0.254213
0.0862485
-0.210741
-0.262891
0.00457805
-0.0166465
0.164618
-0.320793
-0.358495
-0.0107851
-0.00644482
-0.263208
0.233917
-0.271725
-0.283178
-0.0858922
0.318794
0.344433
-0.0159292
-0.0790141
0.3197
0.569756
-0.456816
-0.355523
0.191059
0.387603
0.691771
0.529039
-0.0180658
-0.539064
-0.148003
-0.311741
0.260952
-0.34087
0.1718
0.107397
-0.193044
-0.335736
0.501017
-0.440601
0.441876
0.0258923
-0.774401
0.226802
0.0990407
0.450358
0.344919
-0.599368
-0.435665
0.347613
-0.225816
-0.287456
0.0692904
-0.123303
-0.140908
-0.146095
0.096536
0.157227
-0.213755
0.293174
-0.0344455
-0.110338
0.322372
-0.588152
0.0676163
-0.133018
-0.106213
-0.107148
-0.321226
-0.116464
0.293515
0.0529667
0.074075
0.201755
0.237781
-0.22063
0.0383691
0.232853
-0.150159
0.085859
-0.1472
0.490053
0.156299
0.0764809
0.210028
-0.268486
0.141891
-0.288023
-0.181201
0.0516048
-0.409413
-0.392744
0.0015667
-0.018606
-0.0265615
-0.067981
0.032306
0.0182166
-0.0523992
-0.110584
0.451217
-0.136209
0.124189
-0.106709
0.0586474
0.19698
0.0902845
-0.012831
0.0542384
-0.0153142
-0.0524538
0.3099
-0.218907
0.203182
-0.10215
-0.123588
0.0285038
-0.212914
0.0749075
0.0169261
-0.132279
0.017192
0.0359935
-0.0208022
-0.0347776
0.0259443
0.139857
0.149879
0.262543
0.0339148
0.0212326
-0.293532
-0.201965
0.0291355
-0.023557
0.0020591
0.0725939
0.201699
0.0180465
0.0797423
-0.137787
0.0552883
0.0425501
-0.0185783
0.0982518
0.0614802
-0.0492873
-0.0548771
0.0146805
-0.0482308
-0.00146773
0.18317
0.0300911
-0.0430542
0.091854
0.158282
-0.12421
-0.022847
-0.0930339
-0.033484
0.046635
0.0434973
0.0926451
0.0546686
0.136622
0.00878391
0.0513565
-0.0862115
0.0412359
0.0245523
0.0302796
0.0407554
0.0424005
0.00213289
-0.0448611
0.117782
-0.212627
-0.141517
-0.0949509
0.0289892
-0.00841188
-0.0360506
-0.0669554
0.270796
0.566802
0.172492
0.210487
-0.199204
0.060027
-0.330893
0.135389
-0.00464783
0.580339
-0.193738
0.587078
-0.0332416
0.0287727
-0.418872
0.23998
0.0815655
-0.403363
-0.661633
-0.627766
-0.365086
-0.0296251
0.0621602
-0.43635
-0.13287
-0.209733
0.00100981
-0.1395
0.518116
0.0758607
-0.0679223
-0.0265645
0.221904
-0.375181
-0.251824
0.0653382
0.212845
-0.198598
0.0509208
-0.708877
-0.0293087
0.539183
0.120433
-0.36156
-0.612607
-0.0232478
-0.280182
0.115347
-0.00898281
-0.163439
-0.0364746
-0.113144
-0.12204
0.010576
-0.335054
-0.0339582
-0.250566
0.037972
0.293283
0.593751
0.190567
-0.0481207
0.0907479
-0.359885
-0.0611395
0.00327766
-0.0126317
0.0879037
-0.331968
0.302791
0.165086
0.0592908
-0.21808
-0.0761062
-0.222937
0.176888
0.252186
0.377912
-0.144349
0.123096
-0.0404574
0.145555
0.380318
-0.0185566
-0.104233
-0.0870113
0.046095
-0.289662
0.195523
0.394198
-0.100215
-0.322236
0.173745
0.214007
-0.192087
0.125991
