0.00532509
-1.55064
0.189846
-1.81785
-1.10438
-1.82926
-1.00385
1.47422
-1.0024
3.0898
-1.83314
-3.4694
-0.00170637
0.120044
0.372272
0.0450168
0.39086
-2.9992
-3.98484
-2.90013
-1.0773
-2.2496
3.93357
-4.09947
0.872301
0.690136
-0.727394
-1.67031
-2.54715
-1.12911
-0.596282
-0.962956
3.2602
2.46947
-0.548817
0.561674
2.84947
4.74903
-0.223596
2.28054
0.881697
-0.529947
3.87868
0.844486
-3.47405
0.198846
3.22307
0.70755
2.39072
2.16109
2.29362
-1.23817
3.94765
-1.69414
-2.03939
-3.3481
2.06034
1.20198
0.731735
1.27432
-0.408146
2.06967
1.38619
1.91937
-8.13386
2.21918
-1.76645
-2.09902
-0.274472
-1.98779
5.07608
2.05616
2.89839
3.76926
1.51771
-4.41446
-0.188601
0.0544668
2.61675
2.03763
1.33694
-3.98699
-1.61296
-1.00235
1.214
-2.78509
1.10208
4.3405
0.0603694
2.11141
1.70215
1.40888
-1.89712
0.907518
-0.541397
5.73507
4.37073
-0.801206
1.80832
0.787197
-0.229863
0.0286778
2.8025
-3.77637
0.800081
-3.78422
2.87947
-1.75826
4.12854
-0.27868
0.312331
3.0024
3.57797
2.08432
-3.52434
-4.9476
4.94485
0.682757
-1.92343
1.0678
6.52465
2.01688
3.16226
-2.5252
-0.156733
-0.397216
4.44246
-0.972531
-2.55045
-4.31693
-1.2677
2.87295
0.164536
2.47937
1.09114
-1.60305
-1.18495
-0.898259
-2.10285
2.1561
-2.87224
0.209724
1.77651
-0.327501
-1.83645
2.08572
0.924129
-6.39114
1.05013
3.94878
-4.14241
-0.280613
-2.93347
4.27878
-1.67408
3.98374
6.15106
-2.4665
-8.03308
6.27877
0.545699
5.53321
-1.79229
3.55612
-1.88988
2.1608
0.425586
1.81586
1.89391
-0.203692
-4.49096
-5.26337
-5.58417
-2.15916
3.43387
-0.483669
0.691985
-1.12958
0.719902
2.55381
-2.74446
-1.06637
-3.09487
1.87568
0.385209
2.47639
1.24091
-1.71389
-3.93117
-0.729931
-1.05885
2.95672
6.90024
-3.6013
-0.387871
5.58522
-3.91805
3.59822
-2.13168
-0.842233
-1.64135
4.00267
0.728222
-0.3081
-4.15634
2.40334
1.29476
-3.36077
-0.655888
-5.84674
-3.80416
-8.16105
0.285823
2.72921
3.20252
0.496222
-4.07868
-7.49353
0.666838
-2.70736
1.1842
-1.64017
-0.612029
1.84974
-1.67032
-0.302468
4.67855
0.338277
3.00029
0.08356
0.563474
5.85532
2.19032
-1.31365
-2.58957
2.23032
-2.56998
-3.03954
-2.16959
2.25949
-3.45907
-0.439666
-0.556537
0.958603
0.842975
-3.35328
-2.52841
1.74576
2.27209
-1.25411
1.96856
-0.481224
-2.25182
-0.156273
-2.59727
0.182642
0.451491
-2.17306
3.74301
1.52971
0.496458
-0.210778
-0.244237
-4.3719
0.0453428
3.26806
-1.85052
0.847676
3.86437
-1.35397
1.96219
5.02824
1.60122
3.40588
0.233166
0.312723
-0.580936
1.36036
0.58184
1.08206
-2.54346
4.147
1.44841
5.13193
0.0492139
1.53504
-1.10215
-1.55624
-1.62479
-0.175496
2.23442
1.36775
-3.63272
0.00186229
2.05666
-0.656393
-0.447871
-3.71208
3.44224
1.96936
0.770062
-0.429574
0.0900409
-1.88101
2.1131
0.495828
0.876163
0.908654
0.742625
-0.521327
0.50429
1.06736
-0.85083
-0.494813
-0.75296
1.80281
-1.87543
-0.554832
-3.94152
-0.276427
-0.505878
-1.7646
-1.81858
-2.27055
0.644296
-1.77149
2.02253
-0.200009
-0.244781
-0.410031
0.813678
-0.2323
-1.88432
1.38521
-0.175582
-0.209526
1.63682
-3.09908
-2.13804
0.779443
4.13058
-1.8437
1.09912
-3.0093
0.107821
2.80401
2.05072
0.816253
0.84956
-0.54724
-0.551849
-2.39121
-2.46325
-1.96938
0.215348
1.60107
-0.137508
-0.258796
-2.728
2.08818
-3.02665
0.429839
-2.42172
2.36649
-0.163035
-3.95236
-4.40483
0.95395
2.3784
-1.60965
-0.686358
0.30069
-3.02675
1.13541
-0.587576
-0.217406
1.21308
-1.15424
0.974649
1.36494
0.538304
2.62132
1.34836
-1.0204
-1.41637
-0.423377
-1.96316
-1.49699
-0.0285012
-2.21502
0.663808
-3.67296
0.516355
-0.661823
-0.132071
-3.80041
1.6064
6.53238
0.845676
2.34556
