0.23922
0.754403
-0.545257
-0.000461558
-0.140467
-0.850786
-0.304163
0.178249
-0.898883
0.693288
-0.67571
-1.20526
0.191415
0.77239
-0.215457
0.287068
0.234518
0.454818
-1.27486
0.186278
-0.954194
-0.234257
0.932143
-0.0464148
0.213241
0.967305
0.745033
0.35546
-0.300146
-0.469163
-0.341469
0.0711318
0.404227
0.375347
0.45858
0.351272
0.01213
1.32968
0.0799475
0.473828
0.189691
0.221751
0.765239
-0.607405
-0.906576
-0.245577
-0.121096
0.587118
0.0322071
-0.250772
0.447207
0.181936
-0.00272547
-0.299485
-0.290165
0.0959613
0.287164
-0.290961
0.213923
-0.315667
0.497433
-0.843457
-0.51402
0.533375
-0.473251
0.523527
-0.355384
-0.601966
0.553937
-1.10147
0.493872
-0.25374
0.0596067
-0.098381
0.127256
-0.473053
0.0318712
0.129559
0.212673
-0.191952
0.864223
-0.333634
-0.228938
0.545181
-0.29633
0.129919
0.717739
-0.314154
0.0736688
0.679083
-0.20731
-0.321388
-0.0160303
0.12071
-0.0199113
0.260456
0.246717
0.382462
-0.0315243
-0.152234
0.859186
0.637452
0.363496
0.535786
0.498774
-0.181124
0.115729
0.564512
0.377608
-0.475662
0.0405274
-0.731338
0.226032
-0.184886
-0.192158
-0.33483
0.235677
-0.0730162
-0.40925
-0.0466316
0.559999
0.387898
-0.0306457
-0.256859
-0.345339
0.152188
-0.0912291
0.329932
-0.601781
-0.506504
-0.0410978
0.102397
-0.219817
0.476612
-0.295848
-0.374617
-0.189627
0.434111
0.54768
-0.0167288
-0.155767
0.434916
0.728359
-0.723902
-0.642097
0.133273
0.695542
0.980847
0.729298
0.0198346
-0.877295
-0.298051
-0.329734
0.497841
-0.432489
0.293763
0.334742
-0.352565
-0.590679
0.483998
-0.565581
0.653927
0.0448126
-0.875911
0.250231
0.215019
0.497581
0.415056
-0.804973
-0.658954
0.384673
-0.345557
-0.300709
0.100757
-0.0321372
-0.178908
-0.243927
0.209926
0.278443
-0.225842
0.332818
-0.123494
-0.0809097
0.272552
-0.73577
-0.0104596
-0.0342724
0.0233554
-0.163863
-0.403436
-0.364385
0.442948
0.254151
0.18747
0.235422
0.519357
-0.435791
0.177878
0.371715
-0.126463
0.199318
-0.179001
0.733597
0.260306
0.197967
0.288925
-0.50168
0.0770923
-0.217348
-0.128633
0.22092
-0.36011
-0.424096
0.0495306
-0.0102517
0.103301
-0.047777
-0.0393939
0.132224
-0.269876
-0.227538
0.590367
-0.171638
0.0609279
-0.204297
0.175936
0.238195
0.205446
0.0377422
0.0241419
0.0538474
0.0601078
0.371056
-0.319308
0.309074
-0.0873287
-0.147853
0.0906328
-0.318252
0.13739
0.0219881
0.0695926
0.0832695
0.0829432
0.0427592
-0.0468231
-0.061699
0.107894
0.186665
0.335291
0.00886302
-0.0376475
-0.446608
-0.113872
0.0397937
-0.165253
-0.0567891
0.0481493
0.224816
-0.0436651
0.0358706
-0.0947031
0.0612034
0.0411719
-0.0909955
0.113418
0.0597034
-0.144366
-0.136965
0.0270569
-0.0784437
0.0174188
0.27542
0.0147331
-0.0337627
0.110002
0.197934
-0.215011
0.0533529
-0.133412
-0.0487677
0.0870855
0.0306499
0.156238
0.133511
0.0589787
0.145731
0.0170999
0.0040123
0.107281
0.0625772
0.080187
-0.021349
0.0450599
0.0774841
-0.0202545
0.125709
-0.287575
-0.175122
-0.100023
0.121448
0.00414298
-0.0555485
-0.191535
0.424834
0.803673
0.34633
0.31228
-0.25515
0.0150002
-0.381372
0.220086
-0.0138846
0.946671
-0.103601
0.847763
-0.0225053
-0.0277058
-0.630103
0.303263
0.0993541
-0.682032
-0.865274
-0.919852
-0.458978
-0.183259
0.153949
-0.36113
-0.308315
-0.190263
0.163318
-0.14029
0.785363
-0.0795219
-0.0705908
0.0747416
0.323681
-0.549579
-0.453097
0.0921665
0.27961
-0.514478
0.174649
-1.08923
-0.196424
0.652015
0.222988
-0.239916
-0.698608
0.0667201
-0.381346
0.13162
-0.148912
-0.210753
0.165269
-0.0889755
-0.0836016
-0.0268183
-0.554235
0.106236
-0.307614
-0.00028874
0.437731
0.68102
0.267031
-0.269486
-0.149187
-0.554043
0.0139568
-0.18042
0.075299
-0.0238959
-0.545616
0.344115
0.166723
0.127187
-0.198188
-0.134464
-0.275081
0.295581
0.16796
0.51058
-0.176907
0.38562
0.00681312
0.302951
0.430384
-0.049613
-0.258134
-0.076977
-0.0269206
-0.361659
0.180346
0.676491
-0.201632
-0.394122
0.246351
0.418124
-0.178178
0.203775
