0.259963
0.87242
-0.678691
-0.16286
-0.227509
-1.22941
-0.393898
0.154469
-1.20545
0.934411
-0.982526
-1.38618
0.268636
0.851731
-0.274851
0.228839
0.3661
0.572191
-1.96908
0.0307303
-0.918812
-0.0614896
1.12797
-0.00835483
0.184992
1.27632
0.68631
0.440588
-0.359519
-0.398821
-0.290765
0.107365
0.372542
0.438957
0.296774
0.300228
0.0640216
1.56356
0.224615
0.535007
0.257232
0.395799
0.955122
-0.534848
-1.20696
-0.36351
0.0140594
0.646215
0.131855
-0.38004
0.437376
0.0678919
0.0542559
-0.294468
-0.601983
0.245991
0.142253
-0.308356
0.216765
-0.309009
0.528373
-0.871659
-0.765278
0.600754
-0.615548
0.431593
-0.460282
-0.868093
0.509888
-1.44535
0.588782
-0.196263
0.121006
-0.263874
0.257541
-0.767026
0.0608504
0.232919
-0.0365657
-0.508886
1.14306
-0.566568
-0.403041
0.57164
-0.562785
0.178332
0.552528
-0.289769
0.125661
1.17455
-0.260976
-0.400049
0.0646238
0.0430738
0.172152
0.438436
0.219536
0.518135
0.0853116
-0.0263889
0.964243
0.499044
0.455168
0.535425
0.710236
-0.421399
0.118628
0.419533
0.809558
-0.527754
0.0640326
-0.83865
0.0644396
-0.301856
-0.0632194
-0.451923
0.28914
0.191743
-0.401641
-0.135847
0.663567
0.428573
-0.0410035
-0.35433
-0.388572
0.40063
-0.0577321
0.303344
-0.743119
-0.660883
-0.00259193
0.055372
-0.193149
0.546425
-0.32754
-0.487515
-0.37051
0.336968
0.673064
0.0103772
-0.127284
0.312563
0.664309
-1.03154
-0.800739
0.0712057
0.965212
1.25166
0.891541
0.216255
-1.17978
-0.251144
-0.384018
0.770368
-0.553795
0.29268
0.513302
-0.469262
-0.872349
0.59627
-0.701304
0.751327
0.13263
-1.00241
0.318524
0.404905
0.450776
0.426769
-0.890468
-0.837252
0.434431
-0.392338
-0.253726
0.0864366
0.161512
-0.351347
-0.243987
0.206542
0.428375
-0.301741
0.31227
0.0185501
-0.0304959
0.184079
-0.760412
0.0308489
0.0427919
0.158795
-0.339062
-0.448023
-0.487654
0.478001
0.392251
0.154675
0.343793
0.64853
-0.736312
0.427837
0.434807
-0.147508
0.312279
-0.20251
0.888539
0.263667
0.0736558
0.281712
-0.542978
0.0195122
-0.133779
-0.146636
0.289149
-0.448708
-0.437501
0.134355
0.0966484
0.0932628
-0.00896251
-0.097833
0.218449
-0.461179
-0.29222
0.630223
-0.197348
-0.0113602
-0.23174
0.238944
0.307687
0.29476
-0.0533542
0.139181
0.0528749
0.0802613
0.429455
-0.283147
0.474268
-0.0731195
-0.232289
0.13098
-0.425111
0.154723
-0.0546345
0.205204
0.159708
0.106171
0.10822
0.0564404
-0.116674
0.244179
0.194101
0.421241
0.0277227
-0.0527092
-0.531235
-0.0392258
0.0761677
-0.207221
0.0115936
0.106307
0.337188
-0.130976
0.0279919
-0.0251773
0.0400725
0.0139424
0.0394434
0.103213
0.102563
-0.235692
-0.146765
0.10812
-0.199165
0.0619707
0.176582
0.0542102
0.0482132
0.0757603
0.132124
-0.377463
0.0738737
-0.349915
-0.145211
0.0642495
0.0727894
0.236604
0.207069
0.0406032
0.0685435
0.106974
0.050981
0.224002
0.0524447
0.0950561
-0.105979
0.100279
0.196356
-0.0733733
0.249597
-0.381938
-0.143526
-0.077835
0.211016
-0.0496996
-0.070837
-0.360798
0.579807
0.808319
0.489857
0.400365
-0.276374
0.0261135
-0.423522
0.403925
-0.0582463
0.971164
-0.0361283
0.976284
-0.0619604
-0.149441
-0.640324
0.411807
0.131077
-0.803021
-0.883961
-1.18682
-0.373819
-0.377168
0.0600499
-0.336567
-0.307521
-0.19913
0.185784
-0.142095
0.894626
-0.364132
-0.0177558
0.273798
0.336616
-0.624378
-0.57279
0.0517624
0.334645
-0.88886
0.402678
-1.15213
-0.453667
0.604823
0.429543
-0.0408817
-0.739248
0.252949
-0.475685
0.00364442
-0.153146
-0.203209
0.180827
-0.0328147
-0.127706
0.0221449
-0.625778
0.328056
-0.387161
-0.0549766
0.410185
0.764847
0.232176
-0.319296
-0.270027
-0.727019
0.18814
-0.357851
0.155603
-0.0345574
-0.761487
0.241477
0.275854
0.127323
-0.135723
-0.19021
-0.265706
0.463144
0.0947349
0.592816
-0.153241
0.545149
0.0389226
0.395656
0.402028
-0.115534
-0.413969
-0.00528251
-0.0502031
-0.439663
0.212747
0.757764
-0.268849
-0.448996
0.300478
0.675294
-0.191003
0.24339
