0.283295
0.98657
-0.827107
-0.301556
-0.38905
-1.50722
-0.477095
-0.0500389
-1.50987
1.1105
-1.23556
-1.47761
0.352372
0.977068
-0.322732
-0.00724092
0.437035
0.677983
-2.65619
-0.164081
-0.823344
0.0446882
1.26081
0.197422
0.236441
1.60384
0.616777
0.724265
-0.468537
-0.393484
-0.221347
0.258823
0.42313
0.393424
0.108755
0.16309
0.343566
1.57274
0.333397
0.67946
0.174687
0.584841
1.29383
-0.473724
-1.2462
-0.382618
0.150134
0.793937
0.136806
-0.565921
0.430552
-0.13931
0.0984264
-0.304107
-0.874924
0.333617
0.174076
-0.24802
0.0103464
-0.243634
0.580548
-0.749392
-0.788119
0.529896
-0.797965
0.350888
-0.402043
-0.991598
0.41323
-1.49366
0.655082
-0.255933
0.202274
-0.401235
0.4526
-0.969675
0.111239
0.252096
0.121803
-0.534802
1.37193
-0.72869
-0.48388
0.62551
-0.703412
0.184872
0.485634
-0.248133
0.138371
1.40281
-0.268162
-0.370103
0.0829378
-0.113991
0.250415
0.496227
0.155943
0.641058
0.112479
0.10046
1.02137
0.303491
0.515577
0.432468
0.815668
-0.52167
0.220365
0.336506
0.985891
-0.533485
0.0357594
-0.86212
-0.117123
-0.291734
0.00729764
-0.495461
0.367336
0.322201
-0.352779
-0.207193
0.577933
0.622051
-0.141325
-0.282811
-0.332192
0.479287
0.223909
0.311218
-0.920568
-0.643003
0.0429501
-0.0678136
-0.210409
0.723574
-0.341742
-0.594935
-0.443188
0.278106
0.744371
0.026889
-0.195359
0.24641
0.680229
-1.18968
-0.891807
0.0140143
1.10734
1.31703
0.809006
0.237549
-1.34485
-0.301992
-0.507645
0.939717
-0.590422
0.244013
0.547334
-0.519684
-1.05119
0.831807
-0.800801
0.82454
0.21814
-1.16661
0.117352
0.702427
0.500659
0.578794
-0.943209
-1.01881
0.55502
-0.368738
-0.255124
0.0848031
0.128111
-0.46633
-0.191452
0.161964
0.652938
-0.323421
0.313955
0.129074
0.0203837
0.228655
-0.662388
0.032105
0.0702095
0.154902
-0.614024
-0.522645
-0.564213
0.506585
0.527185
0.0493482
0.498597
0.821369
-0.809125
0.513771
0.403465
-0.279179
0.282394
-0.237794
0.962607
0.286325
0.0654372
0.241298
-0.586378
-0.100689
-0.200504
-0.198738
0.15128
-0.590844
-0.657913
0.196329
-0.0492235
0.195768
0.0125347
-0.1022
0.387226
-0.5481
-0.22294
0.804586
-0.216368
0.0188883
-0.215721
0.323085
0.331566
0.389963
-0.0582873
0.228964
-0.0169563
0.114928
0.531032
-0.202837
0.528467
0.0263525
-0.401678
0.120087
-0.417119
0.27248
-0.0888836
0.292353
0.134105
0.0853948
0.101871
0.0623501
-0.195818
0.377849
0.248561
0.594747
0.029204
-0.0533047
-0.599073
0.0302015
-0.033419
-0.130849
-0.0161728
0.10198
0.585653
-0.0783622
0.139904
-0.00296697
0.191379
-0.0153348
0.11651
0.134411
0.202883
-0.408095
-0.123733
0.144971
-0.212273
0.119602
0.205061
0.186238
0.117028
0.13812
0.183356
-0.436898
0.172441
-0.408839
-0.0570723
0.0494538
0.125461
0.418145
0.308665
0.0720115
-0.127462
0.111077
0.131695
0.197864
0.0616829
0.126119
-0.137549
0.193548
0.224684
-0.14926
0.340911
-0.415012
-0.151364
-0.0992172
0.337944
-0.111723
-0.0870744
-0.574948
0.774031
0.784162
0.656809
0.48341
-0.287784
0.0895071
-0.359689
0.556939
-0.210507
0.88083
0.0892747
1.01277
-0.149851
-0.325897
-0.609908
0.559788
0.156576
-0.909852
-0.972383
-1.54755
-0.281691
-0.557437
0.0323784
-0.330082
-0.320463
-0.304025
0.10027
-0.143004
0.93944
-0.524184
-0.0703491
0.459771
0.337347
-0.725374
-0.429564
0.0839867
0.510486
-1.30545
0.663544
-1.23128
-0.502289
0.616536
0.51068
0.062338
-0.822855
0.283375
-0.498948
-0.208585
-0.164797
-0.0635083
0.169411
-0.0344095
-0.126098
-0.0225822
-0.710752
0.550441
-0.596092
-0.198074
0.464707
0.991823
0.255807
-0.415716
-0.28034
-0.908398
0.171514
-0.515866
0.157659
0.100168
-1.04969
0.230393
0.287738
0.0994922
-0.212394
-0.165894
-0.296863
0.587082
0.184001
0.700784
-0.16319
0.589151
-0.0333287
0.50812
0.34607
-0.176698
-0.58621
-0.0646227
-0.108814
-0.597616
0.278441
0.723613
-0.440945
-0.485973
0.491753
0.915784
-0.194742
0.296797
