0.310422
0.984974
-0.890818
-0.373229
-0.504094
-1.56705
-0.540775
-0.12826
-1.64245
1.27174
-1.36875
-1.65873
0.320382
1.12661
-0.350199
-0.0832151
0.516454
0.654274
-2.96391
-0.296422
-0.832471
0.115518
1.36772
0.245158
0.177651
1.66742
0.662954
0.798237
-0.471657
-0.513444
-0.0725453
0.332535
0.477868
0.490104
0.114711
0.146735
0.362148
1.74728
0.493237
0.706428
0.154019
0.626098
1.53616
-0.427732
-1.46345
-0.407748
0.115006
0.869939
0.158734
-0.479483
0.504328
-0.112143
0.071788
-0.15069
-1.06176
0.348555
0.323467
-0.0823563
-0.00969494
-0.237507
0.713169
-0.647416
-0.834669
0.394936
-0.753115
0.446649
-0.482435
-1.05216
0.390355
-1.47477
0.868092
-0.359849
0.253263
-0.426705
0.526627
-1.08049
0.159585
0.270061
0.149747
-0.454495
1.62959
-0.8253
-0.476322
0.640999
-0.736104
0.166307
0.57617
-0.164039
0.186131
1.58072
-0.146846
-0.455566
0.144214
-0.139037
0.301808
0.512359
0.266924
0.675538
0.150782
0.12568
1.09839
0.315588
0.53478
0.416345
0.806999
-0.631749
0.138079
0.280242
1.17568
-0.626781
0.0264674
-0.891985
-0.16961
-0.293812
0.0709784
-0.540469
0.497908
0.430837
-0.393905
-0.260242
0.65627
0.54859
-0.179068
-0.294506
-0.352925
0.459288
0.350235
0.369046
-0.892989
-0.674031
0.127388
-0.128099
-0.157396
0.782342
-0.419692
-0.621943
-0.481032
0.252554
0.842356
0.0887019
-0.234271
0.2065
0.856128
-1.33665
-0.9911
-0.0720306
1.22438
1.31531
0.920883
0.266871
-1.57919
-0.345649
-0.641887
1.2755
-0.695668
0.231827
0.646216
-0.61808
-1.30999
0.911839
-0.853965
0.995452
0.254918
-1.24037
0.0310042
0.8042
0.583878
0.644862
-1.00127
-1.13938
0.589924
-0.453464
-0.244781
0.0378716
0.0968805
-0.486272
-0.24174
0.210234
0.727618
-0.372428
0.275167
0.111991
-0.00248515
0.197604
-0.716568
0.0675143
0.120004
0.140911
-0.748775
-0.640026
-0.630071
0.581305
0.728802
-0.0388096
0.603888
0.895632
-1.05694
0.626867
0.467416
-0.283663
0.463517
-0.213808
1.04422
0.250642
0.0538837
0.26661
-0.647997
-0.20309
-0.200688
-0.250351
0.0829788
-0.676954
-0.63555
0.256084
-0.044477
0.256607
0.0446185
-0.106256
0.520358
-0.66596
-0.229177
0.840085
-0.282649
0.0193462
-0.257508
0.379802
0.39032
0.424034
-0.0774193
0.24778
-0.0391214
0.0762
0.6074
-0.204631
0.677944
0.167013
-0.628804
0.0360671
-0.41125
0.253494
-0.0592337
0.34775
0.0969391
0.17235
0.0840672
0.113707
-0.191391
0.470597
0.211064
0.732729
0.0513204
-0.068354
-0.676625
0.163172
-0.0323062
-0.115208
0.0267215
0.11115
0.749551
-0.0727304
0.164036
0.129952
0.300213
-0.0557233
0.230636
0.213324
0.347412
-0.465782
-0.142848
0.173397
-0.301225
0.262502
0.177724
0.281376
0.0567306
0.218064
0.116272
-0.57393
0.148048
-0.455545
-0.114041
0.0652712
0.137129
0.576438
0.334393
0.0739558
-0.201521
0.106042
0.209605
0.298928
0.0796253
0.141248
-0.246827
0.210585
0.270977
-0.172675
0.400186
-0.500603
-0.096352
-0.123533
0.409238
-0.134921
-0.0796378
-0.696021
0.838972
0.869396
0.75747
0.509936
-0.248669
0.0837951
-0.395033
0.608838
-0.275226
0.897398
0.0908957
1.05345
-0.186787
-0.421353
-0.746883
0.657128
0.162844
-0.988921
-1.12951
-1.70262
-0.317563
-0.689825
0.0265761
-0.198288
-0.350897
-0.31593
0.136199
-0.163732
0.919978
-0.561902
0.0292065
0.427718
0.241888
-0.809734
-0.50326
0.106666
0.577494
-1.4887
0.710683
-1.36506
-0.456117
0.775897
0.498943
0.0212105
-0.843326
0.228541
-0.523703
-0.20712
-0.206416
-0.069977
0.197582
-0.0349854
-0.188894
-0.0124978
-0.858785
0.662218
-0.604461
-0.275751
0.462474
1.18174
0.2299
-0.496275
-0.512378
-1.00911
0.183745
-0.672973
0.0337418
0.094681
-1.25118
0.326707
0.30829
0.102329
-0.235437
-0.245677
-0.321288
0.729935
0.152334
0.73374
-0.147095
0.665986
-0.0898743
0.554782
0.25742
-0.259015
-0.646775
-0.112489
-0.0240788
-0.659225
0.338339
0.74544
-0.537183
-0.568804
0.507379
1.04225
-0.223102
0.336754
