0.318637
0.966276
-0.899174
-0.452396
-0.594151
-1.65495
-0.568245
-0.105962
-1.73986
1.45123
-1.5098
-1.76106
0.262276
1.30028
-0.445263
-0.164275
0.512127
0.620668
-3.24272
-0.501653
-0.894213
0.144924
1.55667
0.231709
0.0699244
1.71039
0.73023
0.871422
-0.504335
-0.660542
-0.00396925
0.439073
0.524825
0.547895
0.0789866
0.104952
0.39205
1.87281
0.523198
0.711251
0.214898
0.702575
1.75218
-0.408168
-1.74502
-0.330549
0.140085
0.936473
0.171899
-0.338498
0.581921
-0.120538
0.0478282
-0.00838326
-1.25377
0.352326
0.394669
0.0741745
-0.0531694
-0.172395
0.838397
-0.547033
-0.835494
0.403867
-0.780048
0.481024
-0.5463
-1.11688
0.319711
-1.47991
1.12529
-0.385475
0.333691
-0.385885
0.562259
-1.20246
0.13183
0.223959
0.21806
-0.325629
1.84717
-0.901367
-0.545526
0.653454
-0.691976
0.0934771
0.618135
-0.0685385
0.166501
1.6834
-0.0915366
-0.519861
0.299901
-0.132899
0.416397
0.533932
0.379344
0.686728
0.216576
0.123674
1.15319
0.301074
0.600569
0.451059
0.782593
-0.634769
0.0816981
0.224662
1.32275
-0.753643
0.00242105
-0.965834
-0.254172
-0.20603
0.0424957
-0.571233
0.584039
0.481392
-0.517645
-0.212801
0.786993
0.492808
-0.17175
-0.315616
-0.393145
0.443805
0.457547
0.392239
-0.916737
-0.691334
0.135989
-0.109113
-0.168649
0.845193
-0.523086
-0.651015
-0.57141
0.183906
0.94278
0.152982
-0.263377
0.197693
1.01761
-1.49447
-1.09287
-0.152867
1.3561
1.26936
1.00336
0.378944
-1.81945
-0.386152
-0.797191
1.4954
-0.771921
0.229162
0.733734
-0.713224
-1.54576
1.08689
-0.825881
1.18372
0.284597
-1.30026
-0.0357271
0.829065
0.613056
0.714511
-1.03056
-1.19294
0.634237
-0.481067
-0.230221
-0.0543454
0.0605582
-0.53282
-0.256724
0.245754
0.799696
-0.369503
0.274976
0.100529
-0.0389897
0.223633
-0.762136
0.0788327
0.137235
0.0867292
-0.81897
-0.713208
-0.769917
0.660856
1.04585
-0.0962948
0.615743
0.989067
-1.24398
0.755175
0.569024
-0.357861
0.619119
-0.200103
1.11406
0.173858
0.00568978
0.320144
-0.66836
-0.296673
-0.183463
-0.331203
0.064318
-0.8067
-0.681126
0.319357
0.0361064
0.309643
0.0824848
-0.183234
0.582949
-0.788073
-0.254193
0.853715
-0.378238
0.0633818
-0.233924
0.381094
0.492748
0.467191
-0.131911
0.296253
-0.00273657
0.04028
0.709591
-0.170385
0.78583
0.27165
-0.787295
0.00725609
-0.373166
0.286979
-0.0541881
0.36996
0.0365826
0.267395
0.0675383
0.135871
-0.164006
0.583888
0.219729
0.921537
0.119498
-0.1569
-0.778479
0.257312
-0.0888663
-0.17439
0.0918362
0.108489
0.962259
-0.0813806
0.230094
0.231873
0.382667
-0.0485916
0.359328
0.333341
0.463558
-0.563914
-0.100867
0.207675
-0.336202
0.384449
0.292131
0.412417
0.0182764
0.278143
0.121534
-0.701405
0.084774
-0.541805
-0.079021
0.0762078
0.20045
0.756696
0.338951
0.0320887
-0.243284
0.0681387
0.216529
0.421557
0.11385
0.198001
-0.400007
0.271469
0.302187
-0.198469
0.485972
-0.513286
-0.0618929
-0.109092
0.472956
-0.14688
-0.100275
-0.783409
0.908534
0.87287
0.856065
0.628638
-0.206487
0.154116
-0.374091
0.669721
-0.320802
0.941217
0.141297
1.02205
-0.410733
-0.444025
-0.982835
0.7639
0.193935
-1.0749
-1.26067
-1.76754
-0.331675
-0.814348
0.0189026
0.0185665
-0.456176
-0.18256
0.165654
-0.135104
0.71526
-0.538724
0.0976509
0.458071
0.16928
-1.0005
-0.560575
0.0737895
0.889875
-1.6514
0.659859
-1.52205
-0.322593
0.995834
0.570196
0.0916018
-0.73431
0.258192
-0.401038
-0.214333
-0.264952
-0.110946
0.161692
-0.111709
-0.312215
-0.0751732
-0.908463
0.716841
-0.599419
-0.222967
0.318188
1.3558
0.162361
-0.74549
-0.771217
-1.0511
0.209884
-0.854183
0.0619048
0.172817
-1.42619
0.548774
0.29733
0.142649
-0.27859
-0.331763
-0.388408
0.910092
0.0837954
0.835878
-0.223976
0.68564
-0.120905
0.606583
0.256892
-0.398631
-0.71814
-0.195598
-0.0380475
-0.852754
0.400915
0.728183
-0.552877
-0.747426
0.537059
1.31072
-0.286701
0.400369
