0.331782
0.909825
-0.882253
-0.583267
-0.678908
-1.71649
-0.561813
-0.0676418
-1.77746
1.64828
-1.65882
-1.90003
0.233254
1.39316
-0.482357
-0.181731
0.448344
0.464721
-3.45676
-0.753797
-0.94285
0.108863
1.7207
0.0972194
-0.00666689
1.73116
0.704591
1.01972
-0.644209
-0.766714
0.0419183
0.476419
0.631167
0.679745
0.0880197
0.0726313
0.36617
1.96062
0.503169
0.756395
0.2089
0.748994
2.0129
-0.359857
-2.0004
-0.341632
0.18779
1.0374
0.201191
-0.10368
0.610778
-0.12699
0.0512099
0.127105
-1.49257
0.434785
0.438973
0.262691
-0.139238
-0.0788384
0.962023
-0.397119
-0.863334
0.502067
-0.839897
0.606784
-0.606477
-1.16076
0.294355
-1.51974
1.31859
-0.387113
0.424748
-0.304344
0.606137
-1.26817
0.175316
0.186012
0.27443
-0.183447
2.05929
-0.889812
-0.548152
0.662913
-0.736355
0.034875
0.624628
0.0851637
0.139778
1.82822
0.00757238
-0.612089
0.570363
-0.0815634
0.407707
0.557451
0.478116
0.659797
0.283494
0.122052
1.1363
0.254642
0.694461
0.509225
0.779914
-0.682129
0.0823806
0.117631
1.48088
-0.8396
-0.0103599
-0.903826
-0.366297
-0.092442
0.0119151
-0.61201
0.715701
0.491911
-0.628796
-0.14813
0.878928
0.532422
-0.126063
-0.318184
-0.469805
0.42065
0.473581
0.451985
-1.00632
-0.728092
0.148184
-0.0449703
-0.18182
1.04279
-0.599806
-0.635218
-0.60789
0.0870266
0.95721
0.236756
-0.304071
0.176236
1.12113
-1.61494
-1.20003
-0.257101
1.49901
1.14049
1.08013
0.511741
-2.07136
-0.3938
-0.938247
1.79879
-0.76445
0.233264
0.859638
-0.908368
-1.85997
1.20904
-0.84901
1.33638
0.329278
-1.30172
-0.106196
0.904446
0.627116
0.729485
-0.972255
-1.16608
0.661038
-0.565219
-0.141762
-0.166435
0.0267432
-0.553735
-0.310794
0.22882
0.996292
-0.472829
0.234006
0.0916197
-0.109144
0.159125
-0.856205
0.121852
0.0945921
0.000282507
-0.841314
-0.698148
-0.840532
0.66576
1.34919
-0.257455
0.607721
1.1256
-1.42158
0.968056
0.627913
-0.458483
0.765011
-0.126081
1.15236
0.0895311
-0.0122648
0.336183
-0.697187
-0.308388
-0.141623
-0.381831
0.0119865
-0.965791
-0.647058
0.470928
0.134281
0.411818
0.0632087
-0.231084
0.654876
-1.01511
-0.270796
0.925621
-0.466586
0.150812
-0.305693
0.377806
0.6016
0.469581
-0.122957
0.277601
0.0356563
0.0146474
0.899153
-0.208228
0.802128
0.412647
-0.900084
-0.0395698
-0.399662
0.343792
-0.086526
0.322048
0.0263402
0.370218
0.104433
0.118856
-0.133976
0.819618
0.245805
1.02596
0.123095
-0.220083
-0.885194
0.381813
-0.136158
-0.20202
0.170151
0.0386719
1.28437
-0.121189
0.299801
0.35558
0.431863
-0.13578
0.505599
0.468336
0.597295
-0.6726
-0.04839
0.300881
-0.409691
0.512837
0.369314
0.58248
0.0821085
0.338327
0.103025
-0.856835
-0.000812528
-0.686889
0.0100294
0.0555268
0.258911
0.962101
0.451389
0.0108961
-0.257139
0.0440169
0.317834
0.607525
0.219266
0.198517
-0.624713
0.340857
0.443474
-0.221405
0.539473
-0.575047
0.0358173
-0.0382318
0.531855
-0.175877
-0.0929598
-0.902511
1.02846
0.887703
0.888272
0.732478
-0.148482
0.164777
-0.315832
0.688397
-0.420625
0.937019
0.131957
1.02946
-0.725084
-0.478081
-1.24367
0.8308
0.213201
-1.24843
-1.42707
-1.82607
-0.329075
-0.919343
0.168805
0.28873
-0.469717
-0.113747
0.260416
-0.211098
0.560149
-0.477823
0.169194
0.488867
0.17561
-1.24413
-0.592777
0.144149
1.19254
-1.82256
0.673944
-1.76109
-0.133272
1.30685
0.765949
0.0863704
-0.57032
0.18959
-0.233346
-0.228338
-0.301945
-0.194627
0.0931644
0.0111537
-0.438428
-0.154953
-1.00167
0.877766
-0.761655
-0.277561
0.208847
1.56023
0.0631074
-1.11581
-0.936145
-1.1314
0.285786
-1.00564
0.131253
0.233318
-1.72293
0.785126
0.30367
0.197261
-0.271133
-0.417945
-0.306466
1.04116
-0.0787919
1.03438
-0.252098
0.603088
-0.208326
0.59159
0.228355
-0.573927
-0.874544
-0.306844
0.0393705
-1.04648
0.467283
0.56244
-0.634578
-0.98493
0.676136
1.72139
-0.263115
0.49035
