0.342707
0.732218
-0.835479
-0.761422
-0.735813
-1.77302
-0.5677
0.079399
-1.8026
1.8747
-1.80184
-1.97548
0.223016
1.46265
-0.525807
-0.253006
0.39769
0.340558
-3.68874
-0.989211
-0.97559
0.0295541
1.96173
-0.0922114
-0.12828
1.73273
0.667862
1.05621
-0.78429
-0.863123
-0.024594
0.514183
0.858023
0.920488
0.181003
0.0470173
0.310026
2.07024
0.476473
0.827542
0.400718
0.740992
2.26603
-0.283512
-2.29551
-0.371132
0.283186
1.12165
0.242773
0.123088
0.706731
-0.210586
0.0408442
0.197502
-1.83838
0.447793
0.370844
0.437997
-0.176686
0.0410388
1.14748
-0.303751
-0.855337
0.592635
-1.09942
0.792423
-0.650501
-1.30244
0.204746
-1.57693
1.5312
-0.283898
0.573881
-0.141049
0.683661
-1.43744
0.174907
0.0784236
0.425845
-0.0791916
2.37456
-0.872269
-0.613552
0.509684
-0.717543
-0.170831
0.600349
0.336892
0.184913
1.86974
0.234668
-0.514453
0.869609
-0.0512867
0.394436
0.606918
0.733049
0.638502
0.332223
0.0527207
1.1796
0.136062
0.73861
0.410182
0.845566
-0.715561
0.248906
0.0927324
1.6588
-0.856234
-0.073002
-0.804277
-0.539993
0.0967469
-0.0730548
-0.619377
0.976116
0.582495
-0.843263
-0.139636
0.919696
0.5503
-0.0728169
-0.421024
-0.59127
0.471906
0.670078
0.520219
-1.22197
-0.913736
0.142215
0.000157307
-0.251635
1.25537
-0.659877
-0.603936
-0.666009
-0.0571714
1.01789
0.466309
-0.417294
0.198953
1.30326
-1.75529
-1.3323
-0.412747
1.54592
0.987747
1.02232
0.655287
-2.27038
-0.254135
-1.13507
2.23067
-0.729372
0.347055
1.06017
-1.15206
-2.23903
1.3545
-0.766038
1.47708
0.334986
-1.23796
-0.107162
0.946969
0.514644
0.765249
-0.763868
-1.11445
0.588501
-0.739171
-0.0899827
-0.253927
0.0312806
-0.63541
-0.395733
0.0277445
1.10285
-0.470967
0.14447
0.0847057
-0.351958
0.194486
-0.825219
0.279905
0.159025
-0.0815516
-0.876168
-0.801384
-0.935052
0.753407
1.73775
-0.466725
0.619959
1.28245
-1.69243
1.18332
0.708347
-0.604363
0.830739
-0.0658522
1.12006
-0.0442949
0.078893
0.53234
-0.661445
-0.334442
-0.257206
-0.551829
-0.0384471
-1.32393
-0.758544
0.642829
0.151228
0.391836
0.0568028
-0.439693
0.715596
-1.32311
-0.351256
0.915604
-0.680299
0.160369
-0.412882
0.304358
0.710079
0.542526
-0.136919
0.111488
0.0579923
0.0714439
0.960232
-0.325752
0.871437
0.576052
-1.09112
-0.198313
-0.523699
0.477534
-0.198618
0.193214
0.00972936
0.452178
0.230404
0.0682663
-0.264536
0.89982
0.187692
1.05135
0.221969
-0.352897
-1.06829
0.428925
-0.375595
-0.320848
0.179763
-0.165861
1.6781
-0.0800585
0.281705
0.603378
0.535355
-0.307241
0.74419
0.627654
0.772289
-0.79046
0.18593
0.317032
-0.495771
0.918365
0.515923
0.791155
0.103016
0.48726
0.0578941
-1.07191
-0.0454592
-0.762605
0.102489
0.0285807
0.253787
1.08535
0.48271
-0.0946677
-0.301107
-0.138601
0.205508
0.79852
0.237635
0.249903
-0.905729
0.339099
0.748584
-0.250446
0.711544
-0.574301
0.206752
-0.00867503
0.597064
-0.210826
-0.0911228
-1.05986
1.19611
0.804085
0.994961
0.842124
-0.0497435
0.110517
-0.242607
0.730013
-0.516549
0.840531
0.148133
1.02215
-1.11906
-0.432689
-1.58431
0.687762
0.291912
-1.43587
-1.45995
-1.89672
-0.369381
-1.071
0.46519
0.6745
-0.468593
-0.0396878
0.378784
-0.235029
0.222456
-0.449513
0.246931
0.576539
0.265788
-1.72783
-0.691773
0.287682
1.85799
-2.01863
0.646079
-2.01158
0.0929113
1.67133
1.0345
0.0975034
-0.193267
0.0831147
-0.0824635
-0.230853
-0.243331
-0.321446
-0.056336
0.0956342
-0.613618
-0.261497
-1.23608
1.1217
-1.00756
-0.216698
0.00489433
1.72049
-0.0788245
-1.64242
-1.18031
-1.12282
0.464477
-1.26465
0.125865
0.362465
-1.80391
1.18832
0.307127
0.469593
-0.0531259
-0.370706
-0.151205
1.18525
-0.305432
1.23109
-0.336899
0.434763
-0.30552
0.518387
0.279897
-0.74508
-1.07072
-0.616224
-0.0267923
-1.29141
0.500889
0.321966
-0.614421
-1.3281
0.876091
2.36092
-0.368392
0.676835
