0.291197
0.386804
-0.670765
-1.03306
-0.898344
-1.7994
-0.616387
0.286753
-1.65593
2.24271
-1.88328
-2.22806
0.142832
1.45222
-0.66702
-0.359424
0.349891
-0.0625723
-3.86118
-1.31857
-0.941579
-0.174746
2.26349
-0.563249
-0.239443
1.59181
0.721918
0.82758
-0.980248
-0.96744
-0.0306212
0.47144
1.38235
1.19836
0.272645
-0.063384
0.569845
2.40745
0.463302
1.17076
0.515214
0.715242
2.62116
-0.131386
-2.711
-0.269068
0.559596
1.22256
0.287804
0.504334
0.784604
-0.313086
0.167849
0.178799
-2.29741
0.492254
0.272311
0.933897
-0.16643
0.196827
1.28563
0.0759016
-0.821894
0.848823
-1.67038
1.0809
-0.659453
-1.56736
0.0172211
-1.71611
2.14176
-0.118539
0.906637
0.116255
0.576078
-1.52011
0.36157
-0.159397
0.596445
0.166798
2.72014
-1.01219
-0.657364
0.360754
-0.574897
-0.239906
0.450245
0.777739
0.213899
1.88719
0.552706
-0.436904
0.951781
0.214867
0.469918
0.923673
1.07739
0.517434
0.476817
-0.0788401
1.17935
-0.0299977
0.96973
0.204239
0.999904
-0.733094
0.503486
-0.165418
2.08622
-0.958302
-0.022412
-0.463734
-0.68987
0.434035
-0.169774
-0.655825
1.22573
0.797357
-1.06363
-0.136895
1.10872
0.625975
0.302815
-0.625363
-0.68393
0.385985
0.776929
0.615777
-1.50333
-1.15713
-0.0229392
0.0350726
-0.439115
1.61291
-0.464543
-0.564077
-0.713018
-0.196178
0.844071
0.736671
-0.8189
0.168093
1.6748
-1.82077
-1.45554
-0.719126
1.37669
0.465007
0.894696
0.836308
-2.43471
-0.211258
-1.44067
2.62976
-0.730827
0.606272
1.35908
-1.63027
-2.87075
1.89965
-0.802472
1.79031
0.299445
-0.916359
-0.249086
0.974056
0.360187
0.75451
-0.45678
-1.01291
0.0978697
-1.09576
-0.332766
-0.727411
0.259146
-0.656923
-0.547796
-0.250472
1.38725
-0.484932
0.0823562
0.0140544
-0.642285
0.249886
-0.812935
0.662072
0.321097
-0.446262
-0.766061
-0.705564
-1.04178
1.12029
2.51302
-0.968277
0.668224
1.49154
-1.90208
1.49598
0.789984
-0.833454
0.882493
0.161741
1.00499
-0.260665
0.0112678
0.81617
-0.610043
-0.554774
-0.197706
-0.866927
-0.24314
-2.09422
-0.792436
0.98343
0.325468
0.306827
-0.17949
-0.895478
0.722435
-1.79614
-0.352666
0.77172
-0.914119
0.365808
-0.532128
0.41102
0.853036
0.604729
0.188225
0.0195085
-0.0575568
0.306418
1.00924
-0.48441
0.762248
0.827855
-1.36611
-0.585198
-0.908684
0.808314
-0.463783
-0.0131838
-0.176741
0.46288
0.302813
-0.146854
-0.384688
1.01615
0.166775
1.02406
0.511914
-0.438188
-1.21194
0.414588
-0.679035
-0.483336
0.216385
-0.382969
2.07152
0.0589408
0.530577
0.79523
0.637853
-0.736659
1.1853
0.886619
0.923413
-0.813068
0.774272
0.381132
-0.479948
1.56328
0.667838
0.943965
0.135586
0.475178
-0.042714
-1.14282
-0.192877
-0.633253
0.131883
0.189107
0.292997
1.45372
0.624305
-0.176916
-0.473646
-0.310956
0.0997113
1.02353
0.372065
0.557265
-1.43199
0.178648
1.26752
-0.490608
0.654484
-0.879691
0.652647
-0.0803874
0.667308
-0.267567
-0.0715888
-1.27333
1.41541
0.757261
1.00272
0.957669
0.13862
-0.0589851
-0.0132137
0.746905
-0.62841
0.573274
0.0484116
1.16729
-1.3826
-0.494896
-2.14232
0.445277
0.177235
-1.6158
-1.54312
-2.04128
-0.168648
-1.07488
0.858108
0.833918
-0.532709
0.122134
0.447493
-0.494005
-0.175056
-0.109999
0.280329
0.458629
0.359201
-2.24348
-0.875373
0.279432
2.63566
-2.32626
0.71962
-2.14044
0.202906
2.08883
1.57438
0.0894233
0.27457
0.00397024
-0.0265254
-0.469016
-0.363786
-0.535142
-0.0330235
0.197473
-0.814717
-0.326563
-1.69213
1.43897
-1.50573
-0.354012
-0.429641
1.8382
-0.263728
-2.36768
-1.49828
-1.06496
0.724487
-1.45297
0.0847831
0.620641
-1.84395
1.53255
0.353955
0.594205
0.402439
-0.350993
0.235009
1.44964
-0.370099
1.44928
-0.244459
0.0700386
-0.526773
0.532826
0.151693
-1.1458
-1.27172
-0.955961
0.177276
-1.83407
0.658383
-0.0257458
-0.612126
-1.93374
1.09149
3.06453
-0.280301
1.09299
