-0.014152 0.043639 0.048627
-0.028767 0.045390 0.044575
-0.040420 0.046456 0.037964
-0.050464 0.044094 0.028739
-0.012575 0.034978 0.045771
-0.028083 0.040155 0.044169
-0.038457 0.041153 0.040530
-0.046733 0.039221 0.034839
0.014904 0.043625 0.049289
0.029468 0.045597 0.045565
0.040978 0.046854 0.038804
0.050760 0.044516 0.029387
0.013215 0.035026 0.046347
0.028724 0.040336 0.045233
0.039012 0.041500 0.041497
0.047110 0.039638 0.035692
0.053061 0.035487 0.028619
-0.032422 0.026742 0.037122
-0.022720 0.023252 0.035358
-0.043609 0.022945 0.030661
-0.030926 0.016383 0.036801
0.017684 0.019044 0.035832
0.032627 0.027122 0.038324
0.030901 0.016657 0.037976
0.044485 0.022057 0.029932
0.000656 0.016389 0.057666
0.000541 0.003445 0.067845
0.000617 -0.010653 0.074984
0.007520 -0.023495 0.056509
0.019804 -0.016252 0.046286
-0.026134 -0.045848 0.043692
-0.024070 -0.043898 0.046391
-0.020469 -0.041489 0.050391
-0.015005 -0.038640 0.054992
-0.007439 -0.036710 0.058717
-0.023552 -0.048352 0.044974
-0.013987 -0.052485 0.053326
-0.007396 -0.054416 0.056012
-0.016743 -0.044296 0.050518
-0.016500 -0.045348 0.049594
0.007071 -0.043308 0.056878
0.006763 -0.045277 0.056013
