0.473773 -0.034648 0.392000
0.447264 -0.037300 0.394000
0.425770 -0.037962 0.401000
0.409179 -0.035292 0.414000
0.484675 -0.015217 0.399000
0.458714 -0.016635 0.403000
0.430017 -0.016717 0.405000
0.409454 -0.014454 0.413000
0.541545 -0.042935 0.389000
0.574232 -0.051752 0.391000
0.611180 -0.059573 0.394000
0.659659 -0.058403 0.403000
0.549711 -0.023688 0.394000
0.586947 -0.031428 0.398000
0.617048 -0.037584 0.397000
0.662532 -0.039515 0.404000
0.719606 -0.034485 0.420000
0.449428 0.010068 0.408000
0.476620 0.012724 0.411000
0.435131 0.016596 0.411000
0.454139 0.035871 0.410000
0.584221 0.016475 0.408000
0.622630 -0.006574 0.407000
0.622048 0.018898 0.405000
0.671870 0.006285 0.412000
0.492230 0.057542 0.375000
0.481536 0.096393 0.366000
0.481337 0.135105 0.365000
0.529243 0.152993 0.381000
0.562965 0.147654 0.389000
0.460035 0.215716 0.402000
0.479791 0.204715 0.393000
0.500645 0.198129 0.385000
0.513275 0.197100 0.383000
0.527334 0.193491 0.383000
0.476185 0.231152 0.396000
0.497756 0.243590 0.392000
0.525042 0.246022 0.390000
0.486807 0.213627 0.389000
0.484369 0.215515 0.388000
0.559144 0.206985 0.388000
0.484369 0.215515 0.388000
