0.414759 0.020411 0.469
0.458589 0.0579968 0.515
0.411021 0.0821419 0.46
0 0 0
0 0 0
0 0 0
0 0 0
0 0 0
0.560148 0.319153 0.565
0.546358 0.332882 0.533
0.556368 0.355239 0.524
0.574391 0.38029 0.52
0.578693 0.393134 0.503
0.587417 0.405344 0.491
0.609447 0.418866 0.487
0.610365 0.408707 0.465
0.622328 0.399582 0.453
0.651374 0.391602 0.452
0.676023 0.378563 0.45
0 0 0
0.729031 0.342673 0.453
0.762811 0.324853 0.46
0.811185 0.310738 0.476
0.818213 0.278775 0.47
0.832253 0.248722 0.469
0.822143 0.212217 0.457
0.806 0.177295 0.445
0.805088 0.145889 0.443
0.824647 0.119305 0.453
0.821006 0.0862005 0.451
0.812357 0.0545506 0.447
0.8378 0.0244064 0.461
0.847276 -0.00754322 0.467
0.409811 -0.00297487 0.442
0.406927 -0.03391 0.413
0.424544 -0.0379624 0.401
0.447264 -0.0372997 0.394
0.472565 -0.0345597 0.391
0.482242 -0.0151786 0.398
0.457481 -0.0153693 0.403
0.428956 -0.0154074 0.404
0.40819 -0.0118594 0.413
0.537975 -0.0417133 0.389
0.574232 -0.0517518 0.391
0.61118 -0.058336 0.394
0.658426 -0.0596685 0.403
0.719606 -0.0344848 0.42
0.659659 -0.0406831 0.403
0.617048 -0.0375837 0.397
0.584258 -0.0313495 0.397
0.545912 -0.0236279 0.393
0.50692 0.0168859 0.388
0.489773 0.057388 0.374
0.480416 0.095243 0.366
0.480018 0.131305 0.364
0.476184 0.155343 0.393
0.488868 0.158227 0.385
0.503277 0.159332 0.379
0.529243 0.151797 0.381
0.562965 0.146432 0.389
0.429995 0.0316192 0.422
0.432818 0.019131 0.41
0.448326 0.0125997 0.407
0.474301 0.0139462 0.409
0.493068 0.0280761 0.409
0.473141 0.033133 0.408
0.453032 0.0370678 0.409
0.439573 0.037521 0.414
0.581544 0.0177128 0.407
0.595796 0.00108738 0.404
0.616511 -0.00650946 0.403
0.63905 -0.00398795 0.404
0.67061 0.00628474 0.412
0.643456 0.0163941 0.406
0.621748 0.0201199 0.404
0.600987 0.0188977 0.405
0.457575 0.216978 0.402
0.477371 0.205425 0.392
0.496872 0.1971 0.383
0.511935 0.196585 0.382
0.525958 0.192986 0.382
0.568639 0.194799 0.388
0.617385 0.199819 0.398
0.585294 0.220199 0.392
0.554635 0.238061 0.389
0.526388 0.247881 0.391
0.497756 0.244822 0.392
0.474973 0.232395 0.396
0.46257 0.217698 0.401
0.484369 0.215515 0.388
0.518476 0.215616 0.386
0.557703 0.207667 0.387
0.609761 0.201811 0.397
0.557703 0.208882 0.387
0.517133 0.216267 0.385
0.484427 0.21607 0.389
0.467953 0.0248147 0.419
0.638944 0.00503924 0.416
