16 65719
17 67186
18 73606
27 73240
335 71302
336 73023
337 78795
338 78136
462 171047
463 171154
464 118716
465 119044
466 117081
467 118062
468 131631
469 131631
470 130995
471 130995
472 117081
473 119696
474 118714
475 116752
477 130357
478 130358
479 122308
480 129716
481 131622
482 129702
483 131305
484 131305
485 123269
486 124563
487 124241
488 122947
489 120349
490 131308
491 121649
492 120681
493 120355
494 119375
495 119374
498 105497
499 109517
500 108169
501 106156
563 170726
564 170800
567 102558
569 82078
570 80744
571 89430
572 88424
573 33347
574 32988
575 26525
576 27451
582 18947
589 106216
590 111575
591 111898
592 107889
605 100733
622 99051
623 101753
624 103766
625 55679
626 48989
627 49357
628 56055
629 104116
630 105795
631 21951
632 22290
649 164983
650 170800
667 62188
668 57925
669 63979
670 68301
671 67443
672 66378
673 73521
674 74200
679 94470
680 96827
681 103546
682 100515
683 104874
688 109577
691 40665
692 39978
693 72947
694 75369
695 97700
696 96360
697 91640
702 92307
703 89285
704 89291
705 55033
706 49056
707 50120
708 56120
709 18968
712 18947
713 80934
714 81279
715 83966
723 83957
724 106482
725 105472
730 93821
731 86117
732 77401
738 95005
739 97690
754 121002
755 117737
756 119374
757 118718
758 122625
759 123600
760 120355
761 120027
762 119374
763 117409
764 132576
765 132255
766 129379
767 131300
768 118390
769 119044
770 121647
771 118714
772 116752
773 121648
774 131627
775 121650
797 63640
798 49485
799 62580
802 71232
803 45298
807 93412
808 93412
809 93746
814 93746
815 93412
816 93746
821 92739
822 92404
823 93752
824 94047
825 94048
826 94391
827 94390
828 94384
829 94728
837 92691
838 91679
840 95391
841 92354
842 91345
846 90671
847 91679
848 92691
864 93025
865 92687
877 92013
878 95073
879 94404
880 95066
881 95065
882 94402
883 94406
884 94411
885 94412
896 94384
897 94384
898 96427
899 95747
902 95066
903 94384
904 94712
905 94376
906 95747
907 97759
908 98085
909 97414
918 97098
919 97098
922 93082
923 92409
924 93084
926 93082
927 95784
928 94443
929 95790
939 96796
942 103200
943 98814
944 97140
945 93417
946 93752
947 92743
948 92406
949 94094
950 94429
951 93752
952 93752
953 94423
954 94423
955 94418
958 94417
959 94419
960 95098
961 94419
962 95437
963 94766
964 94769
965 94098
966 93423
967 95108
968 95780
969 96112
970 95440
971 94437
972 95112
977 95437
978 96444
979 97110
980 95766
985 95094
986 97439
991 94402
992 94401
993 94406
994 94406
995 93068
999 94079
1000 95081
1001 94746
1002 95423
1003 94755
1006 95744
1007 96080
1008 95399
1010 96069
1011 94049
1012 84035
1013 84036
1014 84048
1015 84383
1019 85721
1020 85390
1021 86057
1022 86389
1023 86714
1033 86719
1034 84719
1043 84719
1044 84719
1045 88718
1046 88049
1059 88381
1060 89385
1061 89056
1062 89721
1063 88724
1064 88056
1065 88051
1068 89060
1075 91404
1085 91404
1086 91404
1087 115887
1088 107242
1092 113584
1093 92743
1096 92069
1101 92404
1108 92069
1113 91736
1114 92073
1115 94089
1116 93755
1117 93420
1125 93080
1126 94424
1127 95432
1128 92748
1129 91740
1132 93080
1134 92746
1135 91734
1142 91402
1143 91065
1144 91398
1146 91400
1147 91400
1150 89390
1151 90057
1152 92411
1153 91738
1154 90731
1155 92411
1161 92752
1162 93762
1163 90398
1164 90065
1168 92755
1169 94102
1170 91064
1175 91065
1176 89392
1181 89394
1182 90061
1183 89389
1184 88054
1189 87390
1190 87056
1193 87056
1194 87056
1195 90393
1200 90056
1201 89386
1202 87714
1216 87046
1217 87379
1218 86708
1224 86708
1225 83030
1226 83377
1227 86039
1228 86370
1229 85039
1230 84709
1232 90673
1233 89668
1241 89331
1242 90336
1243 91008
1244 90004
1283 86677
1284 87345
1287 87676
1289 88002
1292 88006
1293 88671
1294 84712
1320 87381
1321 86702
1329 92013
1331 90004
1336 92012
1337 92681
1338 92012
1339 89669
1340 88670
1341 88669
1342 85018
1343 88006
1344 84374
1345 84374
1346 85018
1347 87001
1348 85017
1349 87001
1350 84035
1351 84035
1352 94040
1353 94030
1354 93703
1355 93698
1356 93705
1357 93698
1358 93691
1359 171114
1360 171230
1361 93368
1362 92681
1363 93353
1364 89986
1365 92674
1366 87325
1367 89333
1368 93353
1369 94030
1370 93687
1371 94364
1372 96397
1373 97068
1374 95047
1375 96386
1376 99441
1377 97098
1378 100115
1379 119638
1380 119962
1381 118984
1382 118331
1383 100791
1384 99765
1385 98422
1387 96451
1388 97796
1389 98464
1390 97120
1391 97451
1392 131572
1393 131572
1394 131572
1395 131569
1396 99130
1397 99461
1398 97780
1399 98784
1400 98784
1401 93095
1402 90071
1403 93775
1404 90077
1405 89984
1406 118331
1407 119964
1408 119313
1409 118331
1410 91997
1411 89645
1412 91657
1413 86647
1414 87319
1415 93686
1416 94699
1417 94019
1418 95367
1419 99080
1420 99080
1421 97054
1422 97389
1425 78694
1426 80366
1427 80026
1428 78011
1429 75008
1430 78369
1431 80044
1432 82382
1433 87734
1434 87396
1435 85076
1436 85080
1437 87408
1438 83746
1439 83067
1440 85070
1441 80723
1442 81654
1443 83340
1444 85338
1445 84332
1446 79640
1447 83318
1448 77324
1449 81016
1450 85016
1451 86668
1452 85016
1453 86668
1458 85059
1459 85060
1460 85725
1461 86057
1462 86724
1463 86394
1464 86727
1465 86727
1466 87723
1467 87061
1468 85342
1469 84684
1471 44152
1472 47011
1473 52572
1474 83383
1475 84733
1476 85730
1477 85733
1478 87061
1570 108929
1571 100196
1572 152013
1573 154348
1574 119154
1575 122076
1576 148745
1577 149300
1578 149298
1579 148744
1580 147612
1581 147327
1582 147898
1583 147612
1584 137066
1585 133602
1586 136768
1587 140482
1588 149860
1589 147620
1590 147327
1591 147620
1592 149860
1593 149856
1594 149860
1595 145580
1596 152547
1597 151217
1598 149041
1599 149049
1600 127173
1601 130075
1602 133903
1603 130379
1604 126201
1605 123943
1606 120687
1607 122964
1608 124258
1609 122962
1610 130363
1611 124908
1612 131318
1613 130604
1614 130925
1615 129960
1616 129960
1617 131316
1618 130365
1619 131259
1620 130294
1621 130936
1622 131578
1623 131006
1624 131000
1625 130995
1626 130358
1627 129970
1628 129004
1629 126751
1630 123530
1631 120289
1632 131575
1633 121266
1634 123200
1635 122876
1636 119960
1637 120285
1638 127798
1639 131622
1640 130981
1641 99718
1642 102749
1643 102406
1644 104764
1645 123927
1646 123281
1647 124241
1648 122298
1649 86619
1650 136989
1651 136989
1652 136363
1657 146696
1658 143138
1659 147307
1660 150081
1661 150081
1662 148996
1663 147883
1664 145859
1665 146438
1666 147873
1667 149270
1668 150076
1669 149253
1670 148990
1671 132290
1672 132604
1673 133547
1674 133225
1675 133223
1676 131952
1677 133223
1678 131952
1679 131631
1680 131631
1681 131630
1682 131630
1683 132904
1684 108111
1685 104414
1686 142248
1687 142235
1688 140709
1689 138576
1690 138584
1691 143167
1692 133222
1693 143152
1694 145831
1695 144956
1696 146430
1697 144374
1698 139218
1699 139852
1700 144680
1701 146764
1702 148749
1703 147905
1704 148184
1705 143206
1706 146185
1707 142914
1708 142600
1709 145274
1710 148465
1711 148464
1712 148463
1713 148463
1714 148460
1715 148460
1716 148177
1717 147030
1718 147612
1719 147895
1720 149294
1721 148179
1722 147327
1723 147898
1724 147327
1725 147325
1728 147615
1729 147615
1730 148182
1731 148741
1732 148179
1733 148739
1734 147591
1735 146732
1736 148449
1737 148721
1738 148450
1739 145859
1740 148724
1741 146157
1742 145865
1743 147321
1744 147043
1745 145865
1746 145580
1747 144689
1748 148172
1749 145558
1750 147865
1751 148135
1752 110353
1753 111021
1754 110031
1755 107690
1756 115422
1757 111117
1758 148741
1759 171154
1763 149853
1764 150669
1765 150129
1766 155612
1767 158707
1768 156574
1769 153831
1770 152516
1771 151200
1773 150390
1774 151458
1775 150653
1776 149570
1777 148167
1778 149000
1779 153546
1780 151990
1781 151730
1782 147895
1787 148450
1788 147895
1789 148996
1790 170800
1791 149294
1792 149287
1793 149551
1794 150642
1795 153025
1796 154314
1797 158687
1798 161075
1799 159994
1800 162675
1801 155810
1802 154301
1803 151961
1804 150085
1805 138862
1806 132904
1807 132582
1808 129702
1809 135422
1810 123916
1811 124560
1812 124235
1813 122942
1814 126492
1815 124557
1816 130336
1817 123579
1818 119682
1819 123255
1820 122616
1821 120994
1823 118057
1824 119695
1826 150084
1827 150083
1830 158902
1831 156553
1832 158210
1835 158210
1836 150076
1846 150352
1847 151163
1848 149526
1849 150613
1850 152476
1851 159329
1852 160621
1854 153305
1860 156830
1861 155591
1862 157536
1863 164189
1864 159547
1865 155297
1866 157015
1868 42135
1869 47390
1871 41429
1872 35132
1873 40798
1874 32787
1895 100718
1940 170167
1941 170871
1961 121464
1962 112940
1975 27252
1982 87795
1983 87128
1984 95179
1985 94177
2000 34931
2001 33274
2002 27376
2003 29267
2009 105917
2010 95162
2011 99869
2012 112276
2017 111976
2018 116262
2019 116604
2020 111320
2021 84786
2022 90788
2023 80426
2024 74004
2030 57905
2034 38426
2043 88079
2044 91426
2045 83417
2046 95464
2047 105781
2048 108134
2049 109468
2050 109478
2051 113142
2052 110464
2053 107457
2054 112137
2055 115112
2056 113456
2057 125233
2058 121344
2059 118073
2060 114801
2061 117430
2062 114791
2063 111160
2064 119048
2065 121983
2066 116094
2067 114773
2068 111127
2069 107478
2070 108828
2071 121029
2072 123960
2073 117443
2074 118760
2075 112833
2076 117132
2077 125908
2078 129773
2079 133619
2080 125920
2081 129467
2082 120097
2083 125293
2084 101680
2085 99999
2086 103015
2087 104696
2088 56699
2089 49640
2090 50306
2091 57384
2092 123974
2093 117794
2094 112848
2095 111174
2096 110873
2097 115841
2098 114845
2099 107857
2100 118150
2101 111886
2102 106535
2103 101793
2104 101444
2105 101799
2106 107531
2107 106175
2108 100157
2109 100487
2110 102823
2111 101470
2112 101153
2113 101094
2114 99066
2116 108120
2117 105094
2118 83647
2119 86310
2120 86295
2121 79964
2122 96369
2123 105693
2124 107043
2125 94351
2126 91651
2127 89304
2128 22529
2129 24346
2134 65698
2135 73910
2136 54744
2137 63632
2138 70108
2139 73977
2140 79053
2141 72605
2142 82426
2143 91449
2148 33094
2149 170167
2150 170572
2152 26648
2153 34098
2157 23573
2158 26003
2159 29744
2160 35080
2161 41717
2163 117409
2164 117081
2165 68387
2166 64044
2167 71952
2168 75079
2169 117409
2170 117081
2171 118718
2172 131311
2173 120351
2174 118718
2176 67048
2177 68847
2178 74848
2179 74517
2180 100223
2181 102571
2182 109288
2183 105940
2184 109969
2185 114941
2186 42253
2187 41265
2188 79436
2189 81785
2190 99333
2191 97316
2192 92614
2193 92956
2194 89932
2195 89591
2196 59473
2197 53068
2198 55197
2199 60889
2200 22491
2201 16171
2202 81579
2203 81903
2204 84599
2205 84608
2206 108706
2207 106692
2212 101887
2220 95984
2221 98668
2228 121909
2229 118003
2230 119635
2231 119310
2232 123849
2233 128353
2234 121583
2235 120936
2236 119635
2237 118984
2238 132865
2239 131904
2240 129653
2241 130939
2242 119637
2243 119637
2244 121591
2245 119964
2246 118331
2247 121266
2248 131575
2249 121588
2256 70539
2257 61527
2258 70887
2259 76068
2264 97575
2265 97911
2266 96572
2267 96572
2268 97575
2269 96572
2270 96904
2271 96904
2272 96904
2273 96607
2274 96606
2275 96600
2276 97605
2277 96944
2278 97605
2279 92904
2280 92568
2281 93241
2282 94263
2283 93588
2284 92232
2285 92568
2286 95605
2287 95274
2288 94604
2289 93930
2290 97931
2291 97930
2292 97942
2293 97942
2294 97264
2295 97588
2296 97588
2297 98595
2298 97949
2299 97279
2300 98595
2301 97929
2302 98613
2303 98285
2304 96952
2305 96614
2306 99615
2307 100962
2308 100296
2309 98613
2310 98595
2311 100950
2312 96564
2313 96899
2314 96899
2315 97906
2316 100588
2317 99241
2318 100246
2319 101593
2320 107961
2321 103604
2322 101586
2323 97908
2324 97911
2325 96566
2326 96564
2327 97908
2328 97910
2329 97911
2330 97911
2331 98588
2332 98588
2333 97921
2334 97921
2335 97921
2336 99933
2337 98588
2338 99593
2339 99254
2340 99588
2341 99585
2342 98241
2343 99585
2344 100257
2345 100597
2346 99925
2347 99585
2348 99583
2349 100266
2350 100936
2351 100269
2352 100269
2353 100606
2354 100943
2355 96589
2356 96589
2357 97588
2358 97588
2359 97921
2360 97921
2361 98596
2362 99609
2363 98926
2364 98589
2365 98607
2366 98270
2367 98951
2368 93576
2369 96271
2370 88188
2371 88188
2372 88174
2373 88509
2377 89506
2378 89506
2379 90508
2380 90508
2381 90178
2382 90845
2383 89511
2384 89177
2385 88509
2386 93200
2387 91853
2388 92868
2389 93879
2390 93536
2391 94550
2392 92522
2393 92527
2394 92527
2395 94207
2396 95552
2397 95552
2398 96560
2399 121479
2400 112625
2401 118540
2402 96566
2403 96564
2404 96566
2405 96566
2406 95892
2407 95892
2408 97910
2409 98581
2410 97234
2411 97572
2412 97912
2413 98249
2414 97233
2415 97233
2416 96900
2417 96563
2418 95892
2419 95553
2420 95218
2421 95892
2422 95219
2423 95890
2424 94211
2425 94886
2426 96899
2427 95554
2428 94881
2429 96561
2430 96559
2431 98573
2432 95214
2433 94878
2434 97227
2435 99243
2436 95554
2437 94883
2438 93533
2439 93531
2440 94547
2441 93872
2442 93196
2443 93196
2444 91178
2445 91178
2446 91180
2447 94883
2448 94550
2449 93879
2450 92194
2451 90513
2452 91185
2453 89847
2454 90854
2455 86521
2456 87175
2457 90515
2458 90197
2459 89862
2460 89523
2461 92913
2462 92912
2463 91560
2464 91560
2465 93253
2466 92237
2467 87874
2468 88205
2469 90218
2470 90554
2471 87534
2472 91226
2473 89187
2478 91182
2479 92193
2485 93592
2486 92576
2487 94269
2488 94609
2489 93933
2490 92241
2491 91226
2492 90555
2493 87206
2494 87538
2495 88853
2496 88853
2497 87542
2498 90221
2499 87542
2500 88884
2501 88188
2502 88520
2503 96614
2504 95614
2505 96613
2506 95277
2507 95940
2508 95278
2509 95281
2510 95604
2511 93935
2512 94276
2513 92928
2514 93941
2515 90230
2516 91234
2517 95283
2518 95952
2519 94950
2520 95955
2521 98621
2522 98625
2523 97288
2524 97961
2525 100962
2526 102295
2527 104323
2528 105322
2529 103327
2530 100298
2532 100929
2533 102604
2534 102947
2535 101605
2536 101608
2537 102614
2538 103627
2539 101612
2540 101617
2541 102626
2542 97893
2543 95208
2544 98897
2545 95536
2546 91582
2547 93605
2548 90915
2549 92934
2550 88234
2551 89564
2552 95288
2553 95958
2554 95292
2555 95959
2556 100645
2557 101991
2558 98299
2559 99311
2562 83493
2563 85500
2564 84847
2565 82154
2566 80797
2567 83818
2568 85162
2569 86161
2570 92850
2571 91841
2572 90161
2573 89487
2574 92505
2575 89480
2576 88149
2577 88155
2578 86481
2579 84223
2580 85883
2581 87551
2582 86892
2583 82546
2584 85902
2585 81162
2586 84528
2587 87875
2588 88883
2589 87542
2590 88550
2595 89506
2596 89172
2597 89503
2598 90508
2599 90505
2600 90505
2601 91510
2602 91510
2603 93194
2604 93194
2605 88216
2606 87210
2608 48163
2609 51962
2610 58364
2611 87168
2612 88832
2613 88829
2614 91172
2615 91172
2706 114268
2707 105928
2708 154952
2709 155952
2710 123752
2711 126021
2712 149994
2713 149994
2714 149449
2715 149994
2716 149449
2717 148894
2718 149449
2719 149449
2720 139091
2721 135654
2722 139081
2723 141838
2724 149440
2725 149440
2726 148894
2727 149440
2728 154452
2729 149989
2730 151590
2731 149164
2732 154184
2733 152901
2734 150788
2735 151315
2736 129295
2737 133125
2738 135981
2739 132184
2740 128023
2741 125770
2742 122873
2743 125133
2744 126422
2745 124489
2746 130277
2747 127063
2748 132209
2749 131889
2750 130598
2751 131238
2752 132206
2753 131569
2754 130603
2755 128350
2756 131580
2757 130617
2758 100681
2759 104706
2760 103369
2761 106051
2762 125781
2763 124814
2764 125143
2765 123529
2766 86931
2767 134453
2768 134451
2769 134136
2774 147245
2775 144004
2776 148353
2777 150035
2778 150035
2779 148914
2780 148347
2781 148347
2782 147785
2783 149483
2784 150026
2785 150035
2786 149493
2787 150026
2788 133149
2789 133159
2790 133487
2791 134128
2792 133494
2793 132852
2794 133494
2795 132853
2796 132214
2797 131572
2798 131575
2799 131575
2800 132538
2801 108750
2802 105056
2803 142794
2804 142208
2805 140082
2806 137896
2807 139434
2808 144575
2809 133814
2810 144589
2811 147805
2812 146637
2813 147506
2814 145747
2815 140653
2816 142155
2817 146911
2818 148878
2819 150530
2820 149443
2821 148612
2822 146604
2823 148312
2824 145123
2825 144544
2826 147486
2827 149445
2828 149449
2829 149447
2830 149449
2831 149174
2832 149450
2833 149452
2834 148059
2835 149449
2836 148899
2837 149999
2838 149449
2839 148894
2840 149449
2841 148894
2842 148896
2843 148894
2844 148894
2845 149449
2846 149449
2847 149449
2848 149999
2849 148636
2850 148067
2851 148907
2852 148912
2853 149183
2854 147490
2855 149462
2856 148340
2857 147483
2858 148622
2859 148328
2860 148335
2861 148328
2862 147478
2863 149179
2864 147211
2865 148646
2866 148381
2867 116377
2868 112419
2869 149449
2870 171230
2871 150800
2872 154955
2873 149989
2874 157159
2875 159680
2876 157412
2877 155209
2878 153954
2879 152393
2880 151342
2881 152401
2882 151876
2883 149999
2884 148347
2885 148914
2886 149462
2887 149999
2888 149449
2889 148899
2890 148904
2891 148899
2892 148914
2893 171054
2894 149999
2895 150004
2896 150286
2897 152147
2898 154477
2899 155731
2900 159698
2901 162193
2902 160780
2903 163385
2904 157203
2905 154742
2906 151373
2907 150838
2908 134448
2909 132217
2910 132540
2911 129329
2912 133819
2913 126112
2914 126757
2915 124503
2916 124502
2917 128689
2918 124505
2919 129979
2920 124834
2921 119975
2922 123221
2923 123536
2924 122563
2925 119966
2926 122234
2928 150032
2929 150033
2930 159477
2931 157189
2932 160155
2933 161006
2934 150038
2935 150035
2936 150026
2937 150314
2938 150854
2939 151912
2940 159737
2941 161014
2942 155463
2943 157168
2944 156451
2945 159472
2946 164332
2947 161005
2948 156737
2949 158157
2951 47760
2952 54435
2953 45698
2954 42848
2955 42827
2956 41470
2973 102030
3035 27575
3057 112279
3058 101554
3059 107937
3060 119183
3061 91464
3062 96846
3063 86118
3064 81101
3068 63354
3070 42187
3078 92836
3079 96539
3080 89140
3081 100575
3082 106717
3083 108731
3084 111735
3085 112058
3086 114704
3087 111076
3088 109072
3089 113722
3090 116361
3091 114061
3092 127062
3093 122868
3094 119299
3095 116343
3096 119289
3097 116353
3098 114364
3099 120934
3100 122877
3101 118005
3102 115712
3103 112080
3104 109720
3105 111045
3106 122856
3107 125434
3108 118625
3109 121549
3110 115344
3111 118611
3112 128314
3113 130874
3114 135949
3115 128622
3116 131820
3117 124758
3118 127324
3119 124128
3120 120231
3121 114998
3122 113031
3123 114976
3124 119241
3125 117615
3126 112347
3127 122160
3128 115298
3129 110994
3130 105669
3131 104333
3132 105998
3133 110341
3134 110345
3135 104617
3136 106307
3137 105981
3138 106328
3139 105977
3140 101994
3141 100323
3143 109411
3144 106059
3145 85247
3146 87574
3147 87256
3148 81208
3149 97977
3150 95631
3151 92939
3152 90585
3153 70257
3154 76819
3155 59051
3156 69096
3157 75764
3158 80116
3159 84481
3160 77748
3161 88455
3162 97859
3163 30173
3164 30173
3165 39170
3167 20877
3168 27575
3169 30175
3170 30524
3171 33873
3172 39528
3173 45736
3175 118657
3176 118331
3177 118984
3178 118331
3179 118984
3180 131575
3181 121262
3182 119637
3380 119310
3381 136838
3382 140558
3383 147128
3384 143282
3385 154405
3386 148828
3387 158981
3388 154150
3389 161949
3390 157365
3391 166134
3392 167046
3393 169124
3394 168291
3395 169635
3396 169338
3397 170185
3398 169926
3399 170209
3400 169949
3401 167826
3402 167935
3403 169154
3404 169481
3405 167364
3406 168799
3407 165832
3408 167491
3409 163718
3410 164811
3411 159875
3412 160723
3413 170434
3414 170452
3415 170002
3416 169531
3417 168416
3418 164628
3419 167192
3420 163706
3421 162547
3422 157362
3423 149382
3426 165528
3427 166029
3428 163550
3429 161364
3430 158780
3431 151571
3432 155438
3433 143033
3434 147454
3435 137503
3436 143609
3437 146282
3438 140601
3439 133082
3440 140274
3441 170513
3442 170609
3443 170341
3444 169907
3445 169996
3446 167192
3447 166289
3448 162745
3449 160712
3452 170168
3453 170498
3454 170734
3455 170737
3456 170746
3457 170835
3458 170893
3459 170969
3460 170953
3461 171028
3462 171063
3463 171084
3464 155680
3465 155674
3466 150485
3467 147712
3468 154665
3469 151563
3470 151013
3471 144189
3472 135915
3473 139952
3474 147418
3475 131783
3476 127930
3477 136217
3478 143284
3479 161344
3480 138398
3481 124386
3482 131452
3483 119840
3484 125992
3485 131127
3487 166050
3489 138489
3490 136942
3491 135383
3492 136648
3493 136025
3494 171262
3495 74878
3496 171136
3497 161025
3499 164352
3500 158866
3501 110763
3502 159531
3503 155530
3504 150869
3505 41287
3506 152195
3507 138540
3508 115401
3509 150599
3511 157475
3512 150869
3513 150599
3514 142227
3515 139473
3516 93979
3518 96328
3519 21621
3520 33634
3521 106414
3524 56366
3526 119661
3527 134457
3531 150057
3533 150599
3534 132549
3537 142523
3538 140703
3540 67790
3541 143123
3542 86610
3543 146971
3544 171262
3546 148957
3547 150599
3548 102039
3549 150599
3550 48967
3551 134453
3552 134453
3553 88940
3554 26500
3555 84283
3556 134453
3560 91285
3561 98006
3563 123881
3564 122582
3568 17822
3571 133505
3572 81257
3573 134459
3575 134136
3576 118718
3577 137775
3578 146837
3579 146837
3580 144477
3581 151277
3582 146246
3583 156394
3584 151272
3585 129977
3586 131902
3587 159641
3588 154899
3589 94280
3590 131572
3591 110418
3592 94282
3593 165313
3594 166742
3595 168151
3596 167468
3597 131889
3598 169321
3599 168886
3600 170059
3601 169602
3602 103372
3603 95306
3604 167575
3605 168983
3606 106737
3607 127386
3608 130279
3609 123540
3610 120946
3611 167155
3612 126116
3613 129655
3614 168135
3615 94949
3616 92232
3617 124508
3618 128693
3619 94267
3620 94278
3621 124175
3622 96314
3623 165295
3624 166731
3625 162326
3626 163689
3627 125137
3628 158501
3629 159844
3630 170312
3631 94610
3632 94607
3633 114067
3634 169808
3635 169013
3636 168027
3637 163322
3638 94263
3639 133179
3640 124500
3641 124503
3642 133178
3643 165974
3644 163134
3645 94625
3646 158980
3647 98664
3648 101020
3649 155162
3650 148827
3651 131901
3654 164926
3655 166383
3656 163853
3657 118009
3658 160466
3659 157562
3660 149336
3661 132217
3662 153852
3663 140496
3664 145014
3665 134270
3666 140827
3667 143537
3668 129661
3669 128371
3670 138032
3671 130445
3672 136807
3673 170548
3674 82864
3675 85206
3676 170160
3677 169628
3678 168667
3679 167483
3680 164982
3681 164081
3682 79187
3683 78895
3684 78881
3685 156640
3686 87530
3687 88193
3688 86535
3689 87859
3690 87527
3691 150741
3692 87531
3694 87531
3695 170493
3696 80513
3697 170413
3698 170487
3699 87531
3700 88194
3701 170559
3702 88864
3703 170777
3704 78907
3705 69554
3706 72662
3707 170917
3708 77761
3709 170923
3710 108651
3711 107305
3712 75507
3713 170927
3714 153604
3715 153610
3716 147672
3717 144750
3718 51670
3720 58069
3721 66238
3722 151526
3723 20877
3724 149069
3725 148814
3726 140542
3727 131421
3728 136198
3729 68402
3730 144171
3731 102585
3732 62739
3733 97875
3734 126938
3735 63433
3737 123393
3738 131120
3739 139014
3740 159193
3741 81558
3742 133680
3743 107670
3744 108667
3745 119172
3747 104605
3748 36912
3749 87582
3750 85255
3751 30543
3752 127594
3753 114254
3754 120486
3755 27015
3756 122760
3759 103674
3761 136107
3762 135779
3763 83135
3764 88468
3766 106006
3767 93507
3769 134505
3770 106291
3771 134497
3772 138862
3773 65172
3774 106335
3775 90257
3776 101669
3777 98650
3778 27002
3779 96305
3780 92946
3781 106355
3782 43611
3784 107989
3786 62049
3787 94631
3788 78529
3789 64119
3790 158408
3791 146320
3792 147193
3793 151858
3794 142469
3795 145441
3796 157427
3797 149713
3798 158603
3799 150526
3800 159071
3801 141008
3802 140980
3803 141906
3804 141271
3805 153946
3806 155719
3807 130979
3808 131300
3809 93009
3810 131631
3811 109452
3812 93005
3813 130995
3814 102065
3815 94004
3816 106099
3817 124580
3818 130360
3819 122613
3820 120013
3821 124557
3822 129056
3823 93353
3824 91343
3825 123909
3826 128091
3827 92349
3828 93012
3829 122946
3830 94676
3831 123280
3832 93353
3833 93020
3834 112786
3835 91681
3836 132582
3837 123591
3838 124560
3839 132903
3840 93338
3841 97360
3842 100050
3843 132898
3844 116415
3845 132904
3846 126168
3847 78313
3848 82004
3849 76619
3850 78247
3851 79271
3852 84024
3853 84361
3854 83688
3855 84361
3856 84024
3857 84023
3858 84023
3859 76968
3860 84023
3861 84697
3862 85360
3863 66397
3864 66473
3865 71892
3866 103514
3867 102849
3868 74235
3869 48688
3871 55013
3872 61096
3873 22950
3874 62883
3875 97482
3876 61360
3877 92440
3878 61031
3880 80623
3881 103485
3882 103499
3884 99496
3885 33709
3886 86633
3887 83974
3888 28747
3889 24480
3891 101431
3892 77374
3893 82747
3895 102798
3896 87751
3898 101175
3899 60724
3900 102135
3901 88963
3902 100408
3903 97708
3904 22323
3905 95356
3906 91645
3907 102783
3908 40691
3910 103842
3911 93670
3912 77268
3913 60698
3914 144388
3915 146164
3916 150402
3917 141975
3918 143488
3919 156317
3920 148471
3921 157029
3922 148754
3923 157963
3924 141945
3925 141325
3926 140743
3927 152264
3928 154331
3929 89691
3930 92559
3931 91363
3932 90686
3933 90349
3934 90345
3935 91363
3936 90350
3937 89342
3938 89342
3939 91363
3940 90350
3941 88676
3942 88340
3943 91363
3944 88676
3945 88008
3946 87674
3947 91363
3948 88008
3949 88008
3950 86015
3951 91363
3952 88008
3953 85024
3954 85355
3955 91363
3956 84361
3957 84694
3958 84694
3959 91363
3960 84363
3961 84363
3962 84362
3963 91703
3964 84363
3965 84363
3966 84029
3967 91705
3968 84369
3969 84369
3970 84369
3971 91705
3972 84371
3973 84371
3974 84370
3975 90370
3976 87701
3977 84710
3978 84710
3979 90370
3980 88034
3981 87037
3982 86705
3983 90370
3984 88368
3985 87369
3986 87037
3987 90370
3988 89703
3989 88368
3990 87702
3991 91374
3992 89703
3993 89036
3994 88704
3995 91374
3996 89703
3997 89703
3998 89707
3999 91374
4000 90373
4001 90373
4002 90376
4003 91374
4004 90373
4005 90373
4006 91719
4007 91707
4008 91375
4009 92050
4010 92390
4011 91707
4012 92046
4013 92386
4014 92388
4015 91706
4016 92382
4017 93057
4018 94073
4019 91706
4020 92717
4021 94069
4022 94406
4023 91705
4024 92716
4025 94067
4026 94405
4027 91705
4028 92714
4029 94065
4030 95073
4031 91703
4032 92713
4033 94062
4034 95072
4035 91702
4036 92711
4037 94060
4038 95069
4039 91702
4040 92373
4041 93720
4042 94393
4043 91701
4044 92034
4045 93043
4046 94054
4047 91363
4048 92033
4049 92367
4050 93039
4051 91703
4052 91363
4053 91359
4054 91693
4055 92363
4056 91363
4057 91023
4058 91020
4059 91017
4060 90342
4061 90338
4062 90668
4063 90665
4064 90664
4065 90329
4066 90329
4067 90665
4068 88688
4069 88689
4070 88022
4071 88022
4072 88022
4073 89338
4074 88998
4075 88661
4076 88993
4077 90329
4078 90329
4079 90329
4080 87351
4081 88688
4082 88022
4083 88022
4084 88022
4085 88022
4086 88003
4087 87998
4088 87661
4089 88993
4090 88993
4091 90329
4092 87350
4093 87351
4094 87023
4095 87689
4096 88022
4097 88022
4098 88022
4099 86676
4100 86008
4101 87661
4102 87661
4103 88993
4104 88993
4105 87351
4106 87351
4107 87023
4108 87689
4109 87689
4110 88022
4111 88022
4112 86014
4113 85679
4114 84678
4115 83332
4116 86682
4117 86685
4118 87351
4119 87022
4120 87023
4121 87689
4122 87689
4123 87689
4124 88022
4125 85354
4126 85353
4127 85686
4128 86019
4129 86352
4130 86686
4131 87021
4132 87023
4133 87023
4134 87689
4135 87689
4136 87689
4137 87694
4138 84695
4139 85026
4140 85028
4141 85689
4142 86022
4143 86686
4144 86690
4145 87023
4146 87023
4147 87689
4148 87689
4149 87689
4150 87694
4151 84697
4152 84698
4153 85030
4154 85032
4155 85362
4156 86027
4157 86691
4158 86693
4159 87025
4160 87689
4161 87689
4162 87694
4163 87694
4164 84365
4165 84365
4166 84703
4167 85034
4168 85034
4169 85697
4170 86031
4171 86364
4172 86696
4173 87029
4174 87694
4175 87694
4176 87694
4177 84368
4178 84368
4179 84704
4180 85038
4181 85038
4182 85700
4183 86033
4184 86364
4185 86696
4186 87029
4187 87694
4188 87694
4189 87694
4190 84708
4191 84709
4192 85041
4193 85038
4194 85371
4195 85702
4196 86034
4197 86367
4198 87031
4199 87031
4200 87694
4201 87694
4202 87694
4203 85043
4204 85042
4205 82029
4206 85372
4207 85704
4208 86036
4209 86034
4210 86367
4211 87031
4212 87695
4213 87695
4214 87694
4215 87694
4216 85377
4217 85712
4218 83718
4219 82713
4220 82715
4221 86036
4222 86367
4223 86699
4224 87031
4225 87695
4226 87695
4227 87695
4228 87694
4229 86375
4230 86047
4231 84390
4232 83724
4233 83390
4234 84066
4235 86700
4236 86700
4237 87031
4238 87695
4239 87695
4240 87695
4241 87694
4242 87373
4243 86381
4244 87051
4245 85729
4246 85400
4247 86398
4248 86733
4249 86700
4250 87695
4251 87695
4252 87695
4253 87695
4254 87694
4255 88708
4256 88044
4257 87715
4258 88051
4259 87722
4260 87726
4261 87728
4262 87728
4263 87695
4264 87695
4265 87695
4266 87695
4267 87694
4268 89710
4269 89713
4270 89718
4271 89387
4272 89390
4273 88393
4274 89063
4275 90403
4276 87695
4277 87695
4278 87695
4279 87695
4280 87694
4281 90714
4282 91054
4283 91395
4284 91398
4285 91400
4286 91742
4287 91410
4288 91410
4289 87695
4290 87695
4291 87695
4292 87695
4293 87694
4294 92057
4295 92735
4296 93076
4297 93418
4298 93420
4299 93763
4300 93767
4301 91410
4302 88028
4303 87695
4304 87695
4305 87695
4306 87694
4307 93068
4308 93746
4309 94761
4310 95770
4311 95775
4312 95777
4313 95450
4314 95115
4315 88362
4316 87695
4317 87695
4318 87695
4319 87694
4320 94078
4321 95091
4322 95764
4323 96775
4324 97111
4325 96784
4326 97123
4327 96121
4328 88362
4329 87695
4330 87695
4331 87695
4332 87694
4333 94412
4334 96429
4335 97438
4336 98111
4337 99796
4338 99803
4339 99803
4340 97793
4341 89026
4342 88360
4343 87695
4344 87695
4345 87694
4346 87694
4347 95081
4348 97097
4349 98441
4350 99116
4351 99790
4352 99796
4353 99796
4354 100475
4355 89026
4356 89026
4357 88360
4358 87694
4359 87694
4360 95747
4361 97093
4362 98772
4363 99783
4364 100463
4365 100463
4366 100133
4367 99796
4368 89026
4369 89026
4370 89026
4371 88358
4372 87694
4373 95745
4374 97758
4375 99439
4376 100113
4377 100113
4378 100116
4379 101806
4380 89358
4381 89026
4382 89026
4383 89026
4384 88357
4385 87694
4386 96077
4387 97754
4388 99101
4389 100112
4390 100112
4391 100112
4392 100112
4393 89358
4394 89026
4395 89026
4396 88357
4397 88357
4398 88357
4399 96074
4400 97414
4401 98756
4402 99428
4403 100102
4404 100112
4405 100112
4406 89358
4407 89023
4408 88689
4409 88357
4410 88357
4411 88357
4412 95065
4413 96739
4414 97744
4415 97744
4416 98081
4417 100101
4418 98081
4419 89356
4420 89023
4421 88689
4422 88689
4423 88357
4424 88357
4425 94389
4426 96064
4427 96735
4428 97071
4429 97071
4430 97071
4431 97071
4432 89356
4433 89023
4434 88689
4435 88689
4436 88357
4437 88357
4438 93711
4439 95390
4440 95387
4441 96056
4442 96055
4443 96055
4444 90665
4445 88687
4446 88689
4447 88689
4448 88689
4449 88357
4450 88357
4451 92697
4452 93028
4453 94039
4454 92684
4455 91674
4456 90665
4457 90665
4458 88687
4459 88688
4460 88689
4461 88689
4462 88022
4463 88357
4464 91687
4465 92017
4466 91677
4467 91674
4468 90665
4469 90665
4470 90665
4471 90665
4472 88688
4473 88689
4474 88022
4475 88022
4476 88022
4477 93223
4478 93219
4479 93215
4480 93887
4481 92885
4482 92545
4483 92540
4484 92199
4485 92548
4486 92208
4487 91531
4488 91193
4489 92548
4490 91535
4491 90860
4492 90522
4493 92548
4494 91199
4495 90189
4496 89855
4497 92548
4498 91199
4499 89522
4500 89186
4501 92548
4502 91199
4503 89189
4504 88856
4505 92548
4506 88524
4507 88524
4508 88524
4509 92886
4510 88193
4511 88194
4512 88194
4513 92886
4514 88193
4515 88194
4516 87862
4517 92886
4518 88194
4519 87864
4520 87865
4521 92886
4522 88194
4523 87865
4524 87867
4525 92886
4526 87865
4527 87865
4528 87871
4529 94581
4530 94249
4531 87871
4532 88544
4533 94581
4534 94249
4535 91561
4536 91561
4537 94581
4538 94249
4539 92570
4540 91897
4541 94581
4542 94249
4543 94252
4544 92907
4545 94581
4546 94249
4547 94252
4548 93919
4549 94581
4550 94249
4551 94251
4552 94592
4553 94581
4554 94584
4555 94923
4556 95596
4557 94581
4558 94919
4559 96262
4560 96937
4561 94581
4562 95252
4563 96261
4564 97270
4565 94581
4566 95587
4567 96931
4568 97602
4569 94581
4570 95922
4571 96929
4572 97936
4573 94574
4574 96589
4575 96589
4576 97933
4577 94574
4578 96588
4579 96588
4580 97930
4581 94574
4582 96588
4583 96922
4584 97591
4585 94237
4586 94573
4587 96584
4588 97588
4589 94237
4590 94570
4591 96246
4592 96917
4593 93899
4594 94570
4595 95573
4596 95908
4597 93900
4598 93561
4599 94232
4600 94566
4601 95234
4602 93560
4603 93895
4604 94228
4605 94225
4606 93210
4607 93544
4608 93879
4609 93538
4610 93536
4611 94205
4612 94204
4613 94202
4614 94202
4615 91886
4616 91886
4617 91886
4618 91886
4619 92198
4620 91858
4621 91519
4622 91852
4623 92188
4624 92183
4625 92178
4626 92178
4627 94202
4628 91886
4629 91886
4630 91886
4631 91886
4632 90854
4633 90849
4634 90174
4635 90507
4636 90168
4637 90166
4638 90834
4639 90834
4640 92178
4641 91886
4642 91886
4643 91886
4644 91886
4645 89849
4646 90515
4647 88836
4648 89501
4649 89834
4650 90166
4651 90834
4652 90834
4653 90202
4654 91886
4655 91886
4656 91886
4657 90884
4658 89851
4659 87837
4660 88169
4661 88163
4662 88163
4663 89832
4664 90166
4665 90202
4666 90202
4667 91886
4668 91886
4669 91886
4670 90884
4671 89186
4672 86843
4673 86840
4674 86840
4675 88163
4676 89866
4677 90202
4678 90202
4679 90542
4680 90542
4681 90548
4682 90548
4683 90884
4684 88857
4685 88858
4686 89193
4687 89195
4688 89196
4689 89866
4690 90202
4691 90202
4692 90542
4693 90548
4694 90548
4695 90548
4696 90884
4697 88525
4698 88527
4699 88861
4700 89195
4701 89196
4702 89866
4703 90202
4704 90206
4705 90542
4706 90548
4707 90548
4708 90548
4709 90884
4710 88195
4711 88197
4712 88532
4713 88534
4714 89197
4715 89537
4716 89542
4717 89877
4718 90548
4719 90548
4720 90548
4721 90548
4722 90884
4723 88196
4724 88199
4725 88202
4726 88537
4727 88539
4728 89208
4729 89542
4730 89877
4731 90548
4732 90548
4733 90548
4734 90548
4735 90884
4736 87866
4737 87868
4738 88204
4739 88540
4740 88539
4741 89210
4742 89544
4743 89879
4744 90548
4745 90548
4746 90548
4747 90548
4748 90884
4749 87871
4750 87870
4751 88207
4752 88541
4753 88876
4754 89210
4755 89544
4756 90214
4757 90548
4758 90548
4759 90548
4760 90548
4761 90884
4762 87872
4763 88208
4764 88878
4765 88877
4766 88876
4767 89210
4768 89544
4769 90214
4770 90548
4771 90548
4772 90548
4773 90548
4774 90884
4775 88879
4776 89213
4777 88878
4778 89212
4779 89546
4780 89545
4781 89880
4782 90214
4783 90214
4784 90548
4785 90548
4786 90548
4787 90884
4788 90554
4789 89548
4790 90218
4791 89547
4792 90217
4793 89881
4794 90215
4795 90215
4796 90548
4797 90548
4798 90548
4799 90884
4800 90884
4801 91561
4802 90891
4803 91575
4804 91575
4805 91575
4806 90216
4807 90215
4808 90550
4809 90548
4810 90884
4811 90884
4812 90884
4813 90884
4814 92234
4815 92913
4816 92585
4817 92248
4818 92249
4819 90887
4820 90550
4821 90550
4822 90884
4823 90884
4824 90884
4825 90884
4826 90884
4827 93582
4828 94263
4829 93260
4830 93260
4831 93261
4832 93261
4833 90886
4834 90885
4835 90884
4836 90884
4837 90884
4838 90884
4839 90884
4840 94930
4841 95605
4842 95945
4843 93260
4844 93260
4845 92230
4846 91893
4847 91892
4848 91556
4849 90884
4850 90884
4851 90884
4852 90884
4853 96270
4854 96274
4855 96278
4856 96280
4857 96280
4858 92566
4859 91892
4860 91892
4861 91891
4862 91891
4863 90884
4864 90884
4865 90884
4866 97275
4867 98286
4868 100640
4869 100977
4870 100977
4871 100977
4872 92564
4873 91892
4874 91891
4875 91891
4876 90884
4877 90884
4878 90884
4879 98951
4880 99965
4881 100640
4882 100977
4883 100977
4884 100977
4885 92564
4886 92564
4887 91891
4888 91891
4889 91891
4890 90884
4891 90884
4892 90884
4893 98612
4894 100634
4895 101308
4896 101981
4897 103318
4898 103318
4899 92564
4900 92564
4901 92225
4902 92225
4903 92225
4904 92225
4905 90884
4906 98945
4907 100629
4908 102644
4909 103318
4910 103318
4911 103318
4912 103306
4913 92225
4914 92225
4915 92225
4916 92225
4917 92225
4918 90884
4919 99278
4920 100625
4921 101970
4922 102973
4923 103642
4924 103642
4925 103302
4926 92225
4927 92225
4928 92225
4929 92225
4930 92225
4931 90884
4932 98938
4933 100621
4934 101965
4935 103306
4936 103302
4937 103974
4938 103302
4939 104641
4940 92225
4941 92225
4942 92225
4943 92225
4944 92225
4945 98598
4946 100281
4947 101623
4948 103302
4949 103302
4950 104641
4951 104641
4952 103287
4953 92225
4954 92225
4955 92225
4956 92225
4957 92225
4958 98259
4959 99603
4960 100947
4961 101953
4962 102622
4963 102618
4964 103287
4965 103287
4966 99249
4967 91886
4968 91886
4969 91886
4970 91886
4971 97585
4972 98590
4973 99935
4974 100939
4975 100939
4976 99252
4977 99249
4978 98238
4979 98238
4980 91886
4981 91886
4982 91886
4983 91886
4984 96576
4985 97579
4986 97912
4987 98918
4988 99252
4989 99249
4990 98238
4991 98907
4992 98235
4993 91886
4994 91886
4995 91886
4996 91886
4997 95567
4998 96234
4999 96904
5000 97237
5001 97569
5002 97566
5003 97899
5004 96557
5005 96557
5006 91886
5007 91886
5008 91886
5009 91886
5010 94559
5011 94892
5012 95224
5013 95556
5014 95890
5015 96895
5016 96557
5017 96557
5018 96557
5019 91886
5020 91886
5021 91886
5022 91886
