0.0392303 0.0495162 0.0403982
0.046717 0.047937 0.0351169
0.0449625 0.040883 0.0383578
0.0379153 0.0414443 0.0426433
-0.0387169 0.0482675 0.0396743
-0.0463361 0.0470838 0.035014
-0.0443937 0.0402185 0.0370952
-0.0376667 0.0403834 0.0418164
0.00756084 -0.106426 0.00130132
0.00768046 -0.109606 -0.00563762
0.0115374 -0.00745351 0.0588986
0.0118477 -0.00792688 0.0578955
0.0115778 -0.00579884 0.0568561
0.0115469 -0.00681125 0.0578821
0.0114193 -0.0220399 0.0592433
0.0114193 -0.0220399 0.0592433
0.0128857 -0.0215277 0.058169
0.0128857 -0.0215277 0.058169
0.0115778 -0.00579884 0.0568561
0.0115072 -0.00845394 0.0599243
0.0108811 -0.00723658 0.0609232
0.0112673 -0.00533106 0.0578593
0.0140211 -0.0208629 0.0581062
0.0143611 -0.0210115 0.0570943
0.0152792 -0.011789 0.0578424
0.0144519 -0.0200302 0.05907
0.00845165 -0.0209345 0.0663493
0.00972131 -0.0186138 0.0682446
0.00945966 -0.0209004 0.0643042
0.00945966 -0.0209004 0.0643042
0.0114783 -0.011827 0.0660109
0.0117842 -0.013165 0.0670305
0.0121275 -0.0129368 0.0660097
0.0121471 -0.011716 0.0639782
0.0118272 -0.00920029 0.0599284
0.0104601 -0.0212231 0.0622677
0.0114813 -0.0103381 0.0629727
0.0138765 -0.0100676 0.0558585
0.0138722 -0.0097938 0.0548511
0.0131735 -0.00873616 0.0538545
0.0128335 -0.00862474 0.0548672
0.0342396 0.00471252 0.0336408
0.0315802 0.000292949 0.035857
0.0270107 0.00217276 0.0370049
0.0283202 0.004375 0.0358979
0.0148966 -0.105996 -0.00301927
0.0143775 -0.107372 -0.00596905
0.0719607 0.00476514 -0.00297394
0.060427 0.0310471 0.0159167
0.0626807 0.0327278 0.0107779
0.0624699 0.0219727 0.0110371
0.0605877 0.0232944 0.0140883
0.0191141 0.0881137 0.0303269
0.00980952 0.0886851 0.032704
0.0101252 0.0973205 0.0284851
0.0202766 0.0961476 0.0250856
0.0101686 0.108147 0.0242266
0.0522912 0.00253131 0.0259306
0.0535953 -0.0039915 0.025027
0.049368 -0.00394343 0.0282056
0.0488537 0.000846284 0.0281155
0.011508 0.0118309 0.0444347
0.0119058 0.013635 0.0413727
0.0158903 0.0102655 0.0392826
0.0146493 0.00810442 0.041387
0.00808128 0.0614954 0.0464242
0.00950917 0.0689753 0.0431871
0.0170417 0.0682832 0.0418878
0.0162967 0.0607455 0.0450979
0.0199504 0.00728507 0.0381815
0.0190879 0.00549495 0.0402615
0.00997159 0.103935 0.0253341
0.0198605 0.103398 0.0229318
0.037038 -0.0849662 0.00257522
0.0143775 -0.107372 -0.00596905
0.0540774 0.0538709 0.0246602
0.057207 0.0590069 0.0194044
0.0604363 0.052297 0.0154214
0.0576406 0.0471818 0.0206628
0.00651931 0.0486855 0.0527946
0.0154113 0.0493517 0.051407
0.0127627 0.0420801 0.0516869
0.00606365 0.0417332 0.0519745
0.0600592 0.0159394 0.0152828
0.0630719 0.0128428 0.0122258
0.0613546 0.00483808 0.0164885
0.0585251 0.00874086 0.0185179
0.0541447 0.00393087 0.0238184
0.055907 -0.0018455 0.0228783
0.0182931 0.0785447 0.0365909
0.00951843 0.0796739 0.0379318
0.0617859 0.0421838 0.0125972
0.0595797 0.0392171 0.0167629
0.00954782 0.0154284 0.0474361
0.0102448 0.0168322 0.0433697
0.00726966 0.0223468 0.0463688
0.0052727 0.0217238 0.0524735
0.00462178 0.0251198 0.0504192
0.00667013 0.0250281 0.0463314
0.0331021 0.061581 0.0383705
0.035119 0.0684026 0.035124
0.0430611 0.0674254 0.0298098
0.0413405 0.0605031 0.0330462
0.0185188 0.107888 0.0228831
0.0101686 0.108147 0.0242266
0.00479036 0.0344498 0.0501949
0.0087804 0.0339076 0.0480388
0.00781545 0.0309833 0.047146
0.00454329 0.0311269 0.0492815
0.0240294 0.00433672 0.0380801
0.0244873 0.00542467 0.0370345
0.074066 0.015752 -0.0113268
0.0720314 0.0259519 -0.0114795
0.0731272 0.0372814 -0.0117891
0.00562115 0.0187658 0.0555313
0.00628081 0.0158218 0.0575746
0.0125094 -0.00996814 0.0599177
0.0122051 -0.00674159 0.0548496
0.0128335 -0.00862474 0.0548672
0.0121718 -0.00775816 0.0558758
0.0128249 -0.0116011 0.0619449
0.0138682 -0.0126419 0.0629268
0.0138722 -0.0097938 0.0548511
0.0131861 -0.0092906 0.0558692
0.0128335 -0.00862474 0.0548672
0.0118905 -0.00626905 0.0558529
0.00640543 -0.0214765 0.0694507
0.00617524 -0.0208389 0.0714477
0.00911808 -0.0179728 0.0702571
0.00785149 -0.0202782 0.0683614
0.0118583 -0.00728359 0.056879
0.0118477 -0.00792688 0.0578955
0.0108348 -0.010102 0.0649965
0.0108811 -0.00723658 0.0609232
0.0112673 -0.00533106 0.0578593
0.0111569 -0.01022 0.0639846
0.0100792 -0.0215621 0.0622915
0.0118078 -0.0104562 0.0619607
0.0688777 0.0536391 -0.000980288
0.0761963 0.0710542 -0.00769809
0.0781193 0.0553924 -0.0124192
0.0757653 0.0450138 -0.0120793
0.0776364 0.0764553 -0.00988626
0.0405064 0.0184228 0.03306
0.0405064 0.0184228 0.03306
0.0392683 0.0181117 0.0341201
0.0392683 0.0181117 0.0341201
0.0405064 0.0184228 0.03306
0.0392683 0.0181117 0.0341201
0.0413832 0.0191496 0.0320053
0.0421869 0.0194944 0.0319638
0.0417056 0.0179539 0.0320198
0.024871 0.0185807 0.0357109
0.0252582 0.0185578 0.0356953
0.0275591 0.0180329 0.0356115
0.0271719 0.0180558 0.0356271
0.0248484 0.0181931 0.0357209
0.0275366 0.0176453 0.0356215
0.0226384 0.0202612 0.0337626
0.0219259 0.0214764 0.0327629
0.0244044 0.0170278 0.0337642
0.022661 0.020651 0.0337526
0.0227289 0.0218204 0.0337225
0.021994 0.0226491 0.0327327
0.0219259 0.0214764 0.0327629
0.0226384 0.0202612 0.0337626
0.0214475 0.0199405 0.0338198
0.0210807 0.0203533 0.0338254
0.021126 0.0211329 0.0338054
0.0309992 0.0170516 0.0354909
0.0325931 0.0177353 0.0354084
0.0282885 0.0172119 0.0356002
0.0279013 0.0172348 0.0356158
0.0318187 0.0177811 0.0354397
0.0333677 0.0176895 0.0353772
0.0353399 0.0175639 0.0342967
0.0357282 0.0175409 0.034281
0.0248484 0.0181931 0.0357209
0.0248484 0.0181931 0.0357209
0.036019 0.0151679 0.033323
0.0325314 0.0161697 0.0344463
0.0282885 0.0172119 0.0356002
0.0248484 0.0181931 0.0357209
0.0213376 0.0180015 0.0348706
0.0217485 0.0183673 0.034845
0.0325314 0.0161697 0.0344463
0.0320343 0.0138389 0.0335202
0.0281017 0.0137013 0.0346886
0.0281468 0.0144787 0.0346686
0.0355843 0.0144113 0.0333588
0.0355843 0.0144113 0.0333588
0.043822 0.0186039 0.0299141
0.0442604 0.0193668 0.029878
0.0446689 0.0185491 0.0288789
0.043822 0.0186039 0.0299141
0.0474479 0.0151804 0.025838
0.0484053 0.0167099 0.0247613
0.0499804 0.0150038 0.0237342
0.0494378 0.0138496 0.0247849
0.0568428 0.00570122 0.0216623
0.0508915 0.0113643 0.0247821
0.0527647 0.0132174 0.0226585
0.0425653 0.0182895 0.030975
0.0417056 0.0179539 0.0320198
0.0430024 0.0190503 0.030939
0.0430252 0.0194423 0.0309289
0.0433609 0.0174479 0.0299602
0.042497 0.0171136 0.0310052
0.0417056 0.0179539 0.0320198
0.0417056 0.0179539 0.0320198
0.0400491 0.0172764 0.0331058
0.0400491 0.0172764 0.0331058
0.0380582 0.0174032 0.034187
0.0376698 0.0174261 0.0342027
0.0384466 0.0173802 0.0341714
0.0408338 0.0164365 0.0320915
0.0384466 0.0173802 0.0341714
0.0424287 0.0159377 0.0310354
0.0424742 0.0167216 0.0310153
0.0437079 0.0166385 0.0299646
0.044994 0.0173434 0.0288934
0.0450398 0.0181317 0.0288731
0.0449254 0.0161609 0.0289238
0.0457313 0.0153088 0.0279089
0.0440691 0.015025 0.028986
0.0436622 0.0158524 0.0299848
0.0458231 0.0168898 0.0278683
0.0466334 0.0160374 0.0268531
0.0424287 0.0159377 0.0310354
0.0428085 0.0147196 0.0300468
0.0403569 0.0140935 0.0311648
0.0400074 0.0157009 0.0321431
0.0392249 0.0165429 0.0331573
0.0379413 0.0138619 0.0322721
0.0318187 0.0177811 0.0354397
0.0314314 0.017804 0.0354553
0.0333677 0.0176895 0.0353772
0.0333677 0.0176895 0.0353772
0.0381045 0.0189653 0.0351499
0.0373041 0.0178378 0.0342084
0.0341297 0.0168553 0.0343637
0.0345746 0.0172089 0.0333357
0.036906 0.0162765 0.0322591
0.0380793 0.0170017 0.0331944
0.0313663 0.0162386 0.0344933
0.0313687 0.0158339 0.0335015
0.0275057 0.0168568 0.03464
0.027085 0.0160871 0.0336743
0.0256543 0.0185264 0.0346783
0.0339676 0.0296365 0.0380773
0.0343516 0.0296138 0.0380619
0.0390059 0.0293636 0.0368724
0.0385985 0.0290009 0.0368978
0.0416976 0.0273095 0.0348056
0.0417201 0.0276971 0.0347957
0.0432825 0.0268452 0.0337492
0.0432599 0.0264565 0.0337592
0.0404683 0.0262154 0.0348824
0.0424606 0.0261138 0.0338005
0.0385761 0.0286155 0.0369077
0.0385761 0.0286155 0.0369077
0.0385761 0.0286155 0.0369077
0.0433335 0.0237602 0.0298143
0.0429295 0.0245612 0.0308137
0.0420688 0.0242081 0.031859
0.0428384 0.0229932 0.030854
0.0449436 0.0232791 0.0287572
0.0436577 0.0225578 0.0298288
0.0458185 0.0236323 0.0277114
0.0458644 0.0244229 0.0276911
0.0437718 0.0245231 0.0297783
0.0466518 0.0231949 0.0266857
0.0460947 0.020444 0.0267729
0.0460947 0.020444 0.0267729
0.0460947 0.020444 0.0267729
0.0589631 -0.00990345 0.019935
0.058766 0.00064794 0.0196975
0.0614588 -0.00742785 0.0167698
0.0430024 0.0190503 0.030939
0.0430479 0.0198343 0.0309188
0.0421869 0.0194944 0.0319638
0.0430479 0.0198343 0.0309188
0.044306 0.0201529 0.0298578
0.0446759 0.0197366 0.029852
0.0413449 0.017575 0.0310425
0.0429911 0.0178641 0.0299659
0.0438584 0.0182015 0.0289208
0.0430367 0.0186503 0.0299457
0.0404887 0.0172414 0.0320871
0.0404707 0.0160534 0.0311144
0.0451481 0.0189127 0.0278493
0.0460717 0.0200476 0.0267831
0.0430367 0.0186503 0.0299457
0.044298 0.0189666 0.0288846
0.0435207 0.0201993 0.0298895
0.0452399 0.0204937 0.0278086
0.0448062 0.0209141 0.0288181
0.0435436 0.0205924 0.0298794
0.0443896 0.0205432 0.0288441
0.0443896 0.0205432 0.0288441
0.0449207 0.0228849 0.0287674
0.0440275 0.0221414 0.0298231
0.0451085 0.0193142 0.0288427
0.0451543 0.0201025 0.0288225
0.0456167 0.0212617 0.0287762
0.0451085 0.0193142 0.0288427
0.0467945 0.0188118 0.0267818
0.0458691 0.0176803 0.0278479
0.0464935 0.0216094 0.0277303
0.0473747 0.0219591 0.0266843
0.0480527 0.0187338 0.02573
0.0467025 0.0172264 0.0268226
0.0443517 0.0209391 0.0298376
0.0448062 0.0209141 0.0288181
0.0457083 0.0228383 0.0287356
0.0465623 0.0227952 0.0276999
0.0456625 0.02205 0.0287559
0.0444658 0.0229044 0.029787
0.0449498 0.0244535 0.0297307
0.0453882 0.0252164 0.0296947
0.0445026 0.0256331 0.0317242
0.0445026 0.0256331 0.0317242
0.0445026 0.0256331 0.0317242
0.0443973 0.0217252 0.0298173
0.0435761 0.022163 0.0308426
0.04323 0.0229701 0.0308382
0.0420594 0.0249802 0.0328425
0.0404458 0.0258278 0.0348924
0.0408622 0.0254282 0.0338832
0.0381008 0.0263392 0.0359794
0.0381008 0.0263392 0.0359794
0.0351504 0.0306953 0.0390044
0.0394358 0.0301117 0.036837
0.0363313 0.0272744 0.033028
0.0360321 0.0269527 0.0300445
0.0341276 0.0286213 0.0310863
0.0347949 0.0288844 0.0350569
0.0227742 0.0226 0.0337025
0.0228411 0.0237632 0.0346737
0.0216943 0.0242357 0.0327083
0.0220167 0.02304 0.0327227
0.0223621 0.0222332 0.0337282
0.0232049 0.0233465 0.0356694
0.0261407 0.0270623 0.0354604
0.0276881 0.0262348 0.0324116
0.0272615 0.0258549 0.0334395
0.0245016 0.0256034 0.0355627
0.0260406 0.0255007 0.0365021
0.0248372 0.0247962 0.0365687
0.0358807 0.0287748 0.0370165
0.0416926 0.025393 0.0328482
0.0360844 0.0265874 0.0280486
0.021126 0.0211329 0.0338054
0.0232049 0.0233465 0.0356694
0.0207366 0.0211559 0.0338211
0.0187442 0.0204914 0.0339197
0.0207366 0.0211559 0.0338211
0.0232274 0.0237341 0.0356594
0.0244511 0.024819 0.0365842
0.0240649 0.0248418 0.0365998
0.0258469 0.0289812 0.0374302
0.0260406 0.0255007 0.0365021
0.0350972 0.0291841 0.0380407
0.0350972 0.0291841 0.0380407
0.0258469 0.0289812 0.0374302
0.0230187 0.0268429 0.0365968
0.0254619 0.0290039 0.0374458
0.0230187 0.0268429 0.0365968
0.0339676 0.0296365 0.0380773
0.0339676 0.0296365 0.0380773
0.0221593 0.018733 0.0348193
0.0182761 0.0189625 0.0349759
0.0225702 0.0190988 0.0347937
0.0206286 0.0192135 0.034872
0.0233469 0.0190528 0.0347623
0.0206286 0.0192135 0.034872
0.0179103 0.0193742 0.0349816
-0.00928844 -0.106622 0.00100762
-0.00897582 -0.109935 -0.00493515
0.0233695 0.0194415 0.0347523
0.0187442 0.0204914 0.0339197
0.0175446 0.0197859 0.0349873
0.0161994 0.0237709 0.0339495
0.0160364 0.0206551 0.03503
0.0198926 0.0266677 0.0347291
0.0224754 0.0241748 0.0346794
0.0175446 0.0197859 0.0349873
0.0182761 0.0189625 0.0349759
0.016357 0.019466 0.0350443
0.0170886 0.0186427 0.0350329
0.0243313 0.0158744 0.0347953
0.0238978 0.0151199 0.034831
0.0209267 0.0176358 0.0348963
0.0200597 0.0161269 0.0349676
0.0323105 0.0118669 0.0335546
0.0355843 0.0144113 0.0333588
0.0322653 0.0110873 0.0335747
-0.00969007 -0.00738562 0.0587814
-0.0106371 -0.00788241 0.0568302
-0.010304 -0.00688786 0.055792
-0.00979754 -0.00609144 0.0567535
0.0337777 0.0102157 0.0335319
0.0272122 0.0118037 0.0347699
0.0284675 0.0132897 0.034683
0.0456854 0.0145183 0.0279292
0.0468453 0.0128432 0.0269187
0.0451528 0.0121701 0.0280061
0.0443942 0.0138192 0.0290005
0.04274 0.0135404 0.0300771
-0.0102069 -0.0210274 0.0581196
-0.0102069 -0.0210274 0.0581196
-0.0102069 -0.0210274 0.0581196
-0.0114041 -0.0210895 0.0571698
0.0426259 0.0115751 0.0301276
0.0401975 0.0113497 0.0312354
0.0403114 0.0133096 0.031185
0.0386316 0.0122522 0.0322808
0.0386316 0.0122522 0.0322808
0.0492942 0.018257 0.0246882
0.0499758 0.0218209 0.0235756
0.0513961 0.0173192 0.02262
0.0525344 0.02168 0.0214699
0.0154404 0.0238106 0.0349813
-0.00979754 -0.00609144 0.0567535
-0.00961489 -0.00766256 0.0597859
-0.00911415 -0.00687121 0.0607477
-0.00979754 -0.00609144 0.0567535
0.0149166 0.0215013 0.035057
0.0139337 0.0242835 0.0360343
0.0134114 0.0219806 0.0361097
0.014546 0.0277316 0.0369296
0.0175626 0.0268054 0.034823
0.0159687 0.019489 0.03506
0.0163068 0.0183091 0.0360745
0.0140284 0.0192216 0.0361483
0.0151 0.0176025 0.0361413
0.0229844 0.0128581 0.0359229
0.0229844 0.0128581 0.0359229
0.0184726 0.0154584 0.0360505
0.0184501 0.0150708 0.0360605
0.0472043 0.0351518 0.0343933
0.0439334 0.0333635 0.0355725
0.0419147 0.0337945 0.0376489
0.0431417 0.0359913 0.0385477
0.0497754 0.0392781 0.0341899
0.0522048 0.0354192 0.0301738
0.0492749 0.0335878 0.0313399
0.0456015 0.0310593 0.031552
0.0504608 0.0245863 0.0244921
0.0480249 0.0251163 0.0255825
0.0489078 0.027834 0.0264835
0.0505688 0.0277575 0.0254149
0.0530393 0.0248617 0.0223758
0.0531273 0.0292275 0.0242727
0.0501574 0.0301183 0.0273793
0.0463333 0.0279214 0.0295922
0.0526873 0.032745 0.0272126
0.0241408 0.0329169 0.0384108
0.0251811 0.0309272 0.0384138
0.0215838 0.0288874 0.0356079
0.0189507 0.030186 0.0366887
0.0223557 0.0352581 0.040433
0.0167339 0.0314265 0.0387546
0.0373154 0.0369645 0.0417716
0.0356668 0.0329722 0.0389299
0.0250768 0.0290267 0.0374613
0.022655 0.0272522 0.0366025
0.0250768 0.0290267 0.0374613
0.022655 0.0272522 0.0366025
0.0417426 0.0280848 0.0347857
0.0421298 0.0280619 0.0347701
0.043305 0.0272339 0.0337392
0.0432825 0.0268452 0.0337492
0.0445253 0.026024 0.0317142
0.0453929 0.0263821 0.0306685
0.0458265 0.0259793 0.0296586
0.0458265 0.0259793 0.0296586
0.0458227 0.0248091 0.0286849
0.046723 0.025562 0.0276287
0.0231309 0.0287755 0.0365471
0.0250992 0.0294121 0.0374514
0.0453281 0.0747269 0.0245394
0.0526997 0.0718059 0.0192943
0.0503329 0.0648598 0.0245605
0.0418552 0.0300229 0.0347359
0.0442102 0.0283732 0.0326738
0.0454384 0.027166 0.0306484
0.0467476 0.0271275 0.0285923
0.046723 0.025562 0.0276287
0.0646788 -0.00212168 0.0125073
0.0667014 0.00835934 0.00717312
0.0307718 -0.0519329 0.0401106
0.0294191 -0.0553239 0.040246
0.0546556 -0.0132518 0.0251984
0.0509468 -0.0162316 0.0294271
0.0248689 -0.0461792 0.0442274
0.0244452 -0.0469167 0.0442622
0.0236825 -0.0466753 0.0452895
0.0244893 -0.0461568 0.0442427
0.0234388 -0.0445696 0.0442495
0.024225 -0.0444236 0.0432122
0.0237962 -0.044972 0.044244
0.0234388 -0.0445696 0.0442495
0.0291076 -0.0312572 0.0457052
0.0320458 -0.02754 0.0434938
0.0348975 -0.0316717 0.0424699
0.0315082 -0.035569 0.0457055
0.0282462 -0.0484998 0.0411371
0.0264985 -0.0451302 0.0421327
0.024225 -0.0444236 0.0432122
0.0264985 -0.0451302 0.0421327
0.0282462 -0.0484998 0.0411371
0.0267027 -0.0482099 0.0421959
0.0282462 -0.0484998 0.0411371
0.0281972 -0.0427286 0.0410047
0.033446 -0.0530719 0.0390244
0.0304321 -0.0505518 0.0410937
0.0313759 -0.0475311 0.040984
0.034473 -0.0479095 0.0398625
0.0233741 -0.0192845 0.0446644
0.0284925 -0.0231359 0.0435395
0.025544 -0.0271153 0.0467586
0.0220214 -0.0227493 0.0468038
0.0208053 -0.0176494 0.0477369
0.0209491 -0.0152327 0.0456724
0.0159801 -0.0106701 0.050779
0.0180734 -0.0133058 0.0517543
0.018027 -0.01447 0.0547867
0.0173621 -0.0130572 0.0537804
0.0161318 -0.0215016 0.0540285
0.0194187 -0.0157302 0.0507535
0.0139065 -0.0222175 0.0561402
-0.0131728 -0.0198806 0.0572155
-0.0129327 -0.0203936 0.0562162
-0.013755 -0.0189826 0.0582199
-0.013755 -0.0189826 0.0582199
0.0132012 -0.022044 0.0571668
0.0168525 -0.0216728 0.0530012
-0.00690854 -0.0198011 0.0659625
-0.00827308 -0.0186456 0.0659926
-0.00814412 -0.0196312 0.0640079
-0.00746807 -0.020392 0.0639974
0.0167928 -0.0225427 0.0520228
0.0146375 -0.0220232 0.055104
0.0128857 -0.0215277 0.058169
0.0143611 -0.0210115 0.0570943
-0.00941974 -0.018347 0.0650323
-0.01023 -0.0169729 0.0670364
-0.0127896 -0.0145542 0.0650845
-0.011253 -0.0111569 0.0639402
-0.0100968 -0.00809342 0.0588149
-0.00892202 -0.0208376 0.0600638
-0.00940931 -0.00884058 0.0628081
-0.0142579 -0.011454 0.0560633
-0.0144544 -0.0112798 0.0540652
-0.0116725 -0.00810158 0.0538751
-0.0120638 -0.00844978 0.0538995
0.0171213 -0.017999 0.0589113
0.00845165 -0.0209345 0.0663493
0.00822545 -0.0199453 0.068338
0.00949297 0.0132236 0.049492
0.01144 0.00962681 0.0464911
0.00906525 0.0103574 0.0525801
0.011033 0.00751209 0.0495608
0.0152609 -0.0131912 0.0618803
0.0156214 -0.0126982 0.0598516
0.0121275 -0.0129368 0.0660097
0.0118309 -0.0109786 0.0639742
0.00442278 0.0281203 0.0503577
0.00121406 -0.0268814 0.0647875
0.00121406 -0.0268814 0.0647875
0.00132039 -0.0260197 0.0657641
0.0060753 -0.0394145 0.060872
0.00560362 -0.0350217 0.0607894
0.016746 -0.0424715 0.0514878
0.00883967 -0.0451411 0.0548833
0.00883967 -0.0451411 0.0548833
0.0144082 -0.0443796 0.0526309
0.0181654 -0.0436844 0.0494546
0.0220553 -0.0418337 0.0462458
0.0186595 -0.0416492 0.0503877
0.014518 -0.0427051 0.0535885
0.0133012 -0.0444902 0.0536808
0.00704205 -0.044835 0.0559522
0.0071518 -0.0435375 0.0569186
0.0122436 -0.043861 0.0547114
0.0181648 -0.024384 0.0500062
0.0159625 -0.02422 0.0530977
0.0115908 -0.0245181 0.0572915
0.010224 -0.0237935 0.059334
0.00953657 -0.0236145 0.0603596
0.0117292 -0.0225571 0.0582413
0.00953657 -0.0236145 0.0603596
0.0117292 -0.0225571 0.0582413
0.0114193 -0.0220399 0.0592433
0.0114193 -0.0220399 0.0592433
0.0110904 -0.0218876 0.0602546
0.0110904 -0.0218876 0.0602546
0.00923553 -0.0230957 0.0613613
0.00602831 0.00492484 0.0658481
0.00646515 0.00870202 0.0627385
0.00997496 -0.034359 0.0595905
0.00530462 -0.0339128 0.060776
0.0025127 -0.0319291 0.0608463
0.0116813 -0.0300819 0.0594197
0.014516 -0.0307204 0.0563129
0.016029 -0.0363316 0.0563805
0.00921455 -0.0234571 0.0613706
0.0106381 -0.0354927 0.0595892
0.0118692 -0.0390323 0.0586192
0.0158815 -0.0387117 0.0554409
0.0157548 -0.0407357 0.0544922
0.0199453 -0.0387468 0.0522687
0.0195787 -0.0322333 0.0531335
0.0254872 -0.0339709 0.0489229
0.0232708 -0.0400314 0.0481554
0.0311464 -0.0442545 0.0419183
0.0263985 -0.0464639 0.043169
0.0264649 -0.0453207 0.0431396
0.0249131 -0.0454193 0.0442078
0.0306026 -0.039274 0.0438274
0.0342786 -0.0438571 0.0407773
0.0336614 -0.0390736 0.0436951
0.0283353 -0.038035 0.0458953
0.0243691 -0.0413934 0.0451379
0.024891 -0.0457993 0.0442176
0.0245114 -0.0457768 0.0442329
0.024127 -0.045561 0.0452451
0.024127 -0.045561 0.0452451
0.02299 -0.0453007 0.0462875
0.02299 -0.0453007 0.0462875
0.0222578 -0.0446863 0.0473049
0.0215927 -0.0431351 0.0472965
0.0234388 -0.0445696 0.0442495
0.022657 -0.0447138 0.0452866
0.0221695 -0.0463894 0.0463471
0.0230135 -0.045115 0.0452811
0.024225 -0.0444236 0.0432122
0.0237962 -0.044972 0.044244
0.024225 -0.0444236 0.0432122
0.0234608 -0.0441897 0.0442398
0.0245836 -0.0448272 0.0432066
0.0245836 -0.0448272 0.0432066
0.0241538 -0.0453745 0.0442384
0.0233481 -0.0458951 0.0452853
0.0230135 -0.045115 0.0452811
0.0225908 -0.0456561 0.0463125
0.0156488 -0.0424005 0.0535342
0.0190108 -0.0420447 0.0503823
0.0188807 -0.0442852 0.0504399
0.015894 -0.0442891 0.0515657
0.0192443 -0.0444999 0.0494286
0.0220553 -0.0418337 0.0462458
0.0169938 -0.0445484 0.0505247
0.0235491 -0.0426699 0.0442007
0.0243356 -0.0425183 0.0431632
0.0219456 -0.0437226 0.0462944
0.0265428 -0.0443659 0.042113
0.0243356 -0.0425183 0.0431632
0.0281972 -0.0427286 0.0410047
0.0267204 -0.0413087 0.0420344
0.0203824 -0.0443834 0.0483772
0.0198514 -0.0404135 0.0513104
0.0116565 -0.0419632 0.056694
0.0069635 -0.0416698 0.0588852
-0.0337828 0.00274308 0.034522
-0.0334367 0.00193591 0.0345264
-0.0283842 0.00293838 0.0362945
-0.0291488 0.0056686 0.0352617
0.00658305 -0.00249707 0.0720047
0.00599549 0.00190385 0.0689232
0.0233481 -0.0458951 0.0452853
0.00768046 -0.109606 -0.00563762
0.0255398 -0.047744 0.0442358
0.0266362 -0.0493564 0.0422254
0.0266806 -0.0485921 0.0422057
0.0304593 -0.0573136 0.0402489
0.0263077 -0.0616077 0.0425244
0.0230681 -0.0575109 0.0445664
0.027897 -0.0540324 0.0422817
0.0215288 -0.0509004 0.046479
0.023907 -0.0493497 0.0453425
0.0228375 -0.048146 0.045359
0.0204959 -0.0489127 0.048478
0.0205613 -0.0477859 0.048449
0.0221475 -0.0467671 0.0463569
0.0185177 -0.0440811 0.0494491
0.0158723 -0.0446615 0.0515753
0.0177086 -0.0515491 0.0496568
0.0219485 -0.0503745 0.0454481
0.0231078 -0.0502691 0.0443961
0.022657 -0.0447138 0.0452866
0.0192443 -0.0444999 0.0494286
0.022657 -0.0447138 0.0452866
0.0144082 -0.0443796 0.0526309
0.0143775 -0.107372 -0.00596905
0.0221695 -0.0463894 0.0463471
0.0195532 -0.0456454 0.0494424
0.0151069 -0.0451659 0.0526201
0.0165041 -0.0467385 0.0525984
0.016681 -0.0501015 0.0526694
0.0165384 -0.0523901 0.0507264
0.0187158 -0.0602112 0.0468132
0.0188414 -0.0646374 0.0459099
0.0114772 -0.0615707 0.0491491
0.0119135 -0.0667538 0.0482505
0.0116864 -0.0534563 0.0549582
0.0118782 -0.0508112 0.0568908
0.0113037 -0.0476715 0.0558405
0.0103144 -0.0452283 0.0548238
0.00311857 -0.0294663 0.0627659
0.00923553 -0.0230957 0.0613613
0.00830312 -0.0222695 0.0643843
0.00972131 -0.0186138 0.0682446
0.00292975 -0.024748 0.0676696
0.0114709 -0.0124343 0.0670266
0.0107931 -0.0128888 0.0690676
0.0101472 -0.0123891 0.0700841
0.0105062 -0.0112058 0.0680393
0.0100431 -0.0147371 0.0711443
0.00981507 -0.0126134 0.0711043
0.0070942 -0.0185261 0.0733579
0.00697038 -0.0108628 0.0761879
0.00711411 -0.00690145 0.0740874
0.00699042 -0.0105178 0.076179
0.00989808 -0.0106105 0.0700531
0.00992258 -0.0090414 0.0680132
0.0099928 -0.00611139 0.0649386
0.0112134 -0.00825183 0.0619341
0.00994574 -0.0452065 0.0548387
0.00957705 -0.0451847 0.0548535
0.0141648 -0.0603212 0.0470056
0.0151603 -0.0563622 0.047873
0.0119965 -0.0588211 0.0480622
0.0119965 -0.0588211 0.0480622
0.00704205 -0.044835 0.0559522
0.00881824 -0.0455101 0.0548927
0.0102287 -0.0467044 0.0548618
0.00603097 -0.0438394 0.0569724
0.00594575 -0.0453068 0.0570101
0.00694257 -0.047733 0.0580262
0.00628933 -0.0601334 0.049332
0.0064873 -0.0626532 0.0483813
0.0244996 -0.0528518 0.043397
0.0280439 -0.059099 0.0403913
0.0223972 -0.0559462 0.044558
0.0226006 -0.0592399 0.0436251
0.00731104 -0.0689726 0.0504964
0.00594053 -0.0602484 0.0503504
0.0063917 -0.0515161 0.0591384
0.00683271 -0.0547916 0.0561929
0.0719521 0.0792986 -0.000705093
0.0674905 0.0723464 0.00564981
0.0569354 0.0791338 0.0119389
0.0613875 0.0872357 0.00856102
0.0748326 0.0816324 -0.00588527
0.0650867 0.0902978 0.00633311
0.00655057 0.0125723 0.0596413
-0.0216501 -0.100911 -0.00061202
-0.0162158 -0.10644 -0.00471452
-0.0716145 -0.0124491 -0.00459275
-0.0727003 -0.000990614 -0.00481436
0.0648875 0.0978171 0.00416401
-0.0611595 0.0309605 0.0139829
-0.0626069 0.0319205 0.0110174
-0.0642513 0.0219345 0.0103175
-0.0605692 0.0230244 0.0151442
-0.0193764 0.0884223 0.0319254
-0.00929458 0.0894233 0.0334838
-0.00923868 0.0972786 0.0292939
-0.0203613 0.096157 0.0267806
0.0704868 0.000696471 0.000185728
0.0696999 0.0143698 -0.00110108
0.0722862 0.00815511 -0.00406763
0.0704424 -0.00739855 0.000376135
-0.0525711 0.0012827 0.0263295
-0.0550918 -0.00389102 0.025554
-0.0488949 -0.00441416 0.0283111
-0.0481244 0.00195616 0.0281306
0.0690021 0.0277023 -0.0033848
0.0729852 0.0197601 -0.0113751
0.0728989 0.0333507 -0.0116881
0.0688237 0.0413983 -0.00269523
0.0485787 0.0586603 0.0277815
0.0477178 0.0823757 0.0182548
0.055574 0.0239312 0.0202895
0.055429 0.0198977 0.0193883
0.0562124 0.0295262 0.0211337
0.0537667 0.0151562 0.0215704
0.0138275 0.0059912 0.0444739
0.0137243 0.00344405 0.0465398
0.0129399 0.00209528 0.0486063
0.0165966 0.00158725 0.0434599
0.0163892 -0.00245363 0.0455649
0.010434 0.00142431 0.0537322
0.0112655 0.00455257 0.0506212
0.0127942 -0.000835376 0.0496818
0.0126569 -0.00404552 0.0517645
0.0106801 -0.00178006 0.0557988
0.0201271 -0.0163676 0.0487365
0.0184943 -0.0119572 0.0466996
0.0153468 -0.00790452 0.0477376
0.0196599 -0.00469414 0.0434784
0.0194921 -0.00764971 0.0445554
0.0159402 -0.00417067 0.0476259
0.021029 -0.000772689 0.0403265
0.013195 -0.0083671 0.053845
0.014936 -0.0114028 0.0578477
0.0109799 -0.00450183 0.0588531
0.00972741 -0.00274074 0.0618677
0.00911715 0.00108081 0.0588008
0.0189866 0.00362996 0.0413103
0.0231009 0.00174058 0.0391804
0.0222775 -0.012093 0.0435415
0.0274074 -0.0159343 0.0424158
0.0244294 -0.00819559 0.0413587
0.0277917 -0.0100172 0.0402597
0.0247528 -0.00298491 0.0392216
0.0306062 -0.00834438 0.0391022
0.0318698 -0.0186054 0.0412908
0.035803 -0.0234395 0.0412393
0.038591 -0.0282058 0.041234
0.0365309 -0.0191072 0.0391057
0.0417153 -0.023781 0.0379972
0.0397663 -0.012637 0.0358166
0.0432786 -0.0190677 0.0358199
-0.0118438 0.0120044 0.0434025
-0.0123122 0.0138885 0.0413759
-0.0157924 0.0105581 0.0395963
-0.0153039 0.00868152 0.041622
-0.00707939 0.0613713 0.0460584
-0.00803395 0.0693841 0.0429082
-0.0170348 0.0694137 0.0412807
-0.015622 0.0613366 0.0444134
0.0327958 -0.0164659 0.0402012
0.0336648 -0.00938228 0.0379977
0.0305579 -0.00346672 0.0369883
0.0264114 -0.0012185 0.0381101
0.0389859 -0.00188884 0.0325954
0.0397202 -0.00765724 0.0347014
0.0366414 -0.00622931 0.0357977
0.0360282 0.00186889 0.0336324
0.0451252 -0.0108807 0.0325487
0.0444461 -0.00345434 0.031403
0.0448724 0.00276509 0.0302391
0.0313733 0.00918439 0.0336562
0.0263227 0.00990614 0.0348513
0.0337098 0.00904628 0.0335619
0.0396034 0.00199689 0.0324791
0.0357519 0.00384087 0.033598
0.0491331 0.00989637 0.0258908
0.0465946 0.00970522 0.0280034
0.0399699 0.00742993 0.0313362
0.0364974 0.00924056 0.03244
0.0441195 0.00908928 0.0291221
0.0209175 0.0106776 0.037061
0.017577 0.0132022 0.0371416
0.00886257 0.00427137 0.0567348
0.00897352 0.00747979 0.0546531
0.014072 0.0311462 0.0408744
0.0126934 0.0281945 0.0389984
0.00728754 0.0283762 0.0472288
0.0181588 0.0350466 0.0426154
0.0135089 0.0165454 0.0372334
-0.020328 0.00768585 0.0388513
-0.0195266 0.00613781 0.0398551
0.012099 0.0189558 0.0372361
0.0111523 0.0221148 0.0382032
0.011309 0.0248128 0.0381338
-0.00856452 0.103789 0.028113
-0.0217013 0.102833 0.0256799
0.0311105 0.0495813 0.0457411
0.0279661 0.0410411 0.0470723
0.0616669 0.0630832 0.0131165
0.0644885 0.0530928 0.0082258
0.0518858 0.044808 0.0309696
0.0547258 0.0405567 0.0269456
0.0566365 0.0346185 0.0240008
0.0650484 0.0428379 0.00543788
0.0657101 0.0306603 0.00469279
0.0663093 0.0192656 0.00493321
0.0526097 0.0896882 0.0118735
-0.0216501 -0.100911 -0.00061202
-0.0191687 -0.104513 -0.00463623
0.0634677 0.0983245 0.00621367
0.0513077 0.0885293 0.0119548
0.037211 0.1023 0.0152255
0.0410406 0.0985947 0.0161532
0.0410128 0.0931148 0.0192855
0.0392014 0.0858565 0.0245358
0.0369502 0.0772264 0.0298364
0.0118905 -0.00626905 0.0558529
0.0115778 -0.00579884 0.0568561
-0.0541844 0.0534628 0.0241803
-0.0569594 0.0587402 0.0211697
-0.0616544 0.0504307 0.0155523
-0.058313 0.0462391 0.0205162
0.0118905 -0.00626905 0.0558529
0.0115778 -0.00579884 0.0568561
0.0121718 -0.00775816 0.0558758
0.0114736 -0.0215466 0.0602306
0.0124916 -0.00942862 0.0579037
0.0121718 -0.00775816 0.0558758
-0.00542163 0.0499188 0.0512618
-0.0130511 0.0485804 0.0506101
-0.0108149 0.042097 0.0506678
-0.00513254 0.0420792 0.0514323
-0.0614152 0.0156002 0.0153524
-0.0639157 0.0127319 0.0125201
-0.0622532 0.00449671 0.0166472
-0.0599259 0.00859541 0.0184569
-0.05547 0.00369154 0.0233909
-0.057657 -0.0023533 0.0226218
-0.0185148 0.0789419 0.037116
-0.00814588 0.0790169 0.0396851
-0.0624382 0.0414834 0.0127899
-0.0594398 0.0382269 0.0177464
-0.00875326 0.0145748 0.0462171
-0.009272 0.0168231 0.043183
-0.00642731 0.0220188 0.0459467
-0.00409304 0.0215299 0.0518675
-0.00368124 0.0248685 0.0497703
-0.00622986 0.0254189 0.0458593
-0.0332869 0.0609124 0.037151
-0.0341307 0.0683271 0.0340101
-0.0425829 0.0670469 0.0293868
-0.0406637 0.0601814 0.0334712
-0.0240785 0.105594 0.0247136
-0.00687488 0.112415 0.0278416
-0.00388521 0.0342479 0.0495604
-0.00818885 0.0341906 0.0477389
-0.00694774 0.0311248 0.0467575
-0.00340975 0.0308703 0.0486181
-0.0241368 0.00436417 0.0380864
-0.0252976 0.00671686 0.0370789
-0.0731724 0.0134992 -0.00513214
-0.00441835 0.0182403 0.0549611
-0.00479401 0.0153554 0.0570463
-0.0120243 -0.00980917 0.0589352
-0.010337 -0.00586516 0.0547684
-0.0112812 -0.00775329 0.0538507
-0.0107914 -0.00731959 0.0548213
-0.0130304 -0.0117321 0.0610243
-0.0143004 -0.0166275 0.0621924
-0.0132591 -0.00986482 0.0539823
-0.0119026 -0.0090087 0.0559081
-0.0112812 -0.00775329 0.0538507
-0.010304 -0.00688786 0.055792
-0.00426759 -0.0213368 0.0688916
-0.00474357 -0.0199758 0.070882
-0.00750344 -0.0174694 0.0699376
-0.00670803 -0.0191933 0.0679423
-0.0102493 -0.00753721 0.056806
-0.0102493 -0.00753721 0.056806
-0.00933347 -0.00910774 0.0638123
-0.00961489 -0.00766256 0.0597859
-0.00979754 -0.00609144 0.0567535
-0.00940931 -0.00884058 0.0628081
-0.00892202 -0.0208376 0.0600638
-0.0107101 -0.00932307 0.0608714
-0.0707445 0.0538417 -0.00216851
-0.0757322 0.064983 -0.00221995
-0.0747659 0.0539117 -0.00600696
-0.072092 0.0471799 -0.00596172
-0.0406624 0.0180158 0.0304487
-0.0406854 0.0176195 0.0304589
-0.0390645 0.0191479 0.032358
-0.0390645 0.0191479 0.032358
-0.0406624 0.0180158 0.0304487
-0.0390645 0.0191479 0.032358
-0.0410124 0.0188319 0.0304443
-0.0410124 0.0188319 0.0304443
-0.0410124 0.0188319 0.0304443
-0.0248851 0.01836 0.0347882
-0.0252756 0.0183831 0.034804
-0.0274787 0.0185301 0.0358936
-0.027936 0.0173837 0.0359394
-0.0245173 0.0179461 0.0347825
-0.027936 0.0173837 0.0359394
-0.0264815 0.0227454 0.0297469
-0.0260625 0.0231184 0.0297208
-0.0269004 0.0223725 0.0297731
-0.0225085 0.0209561 0.0336275
-0.0224629 0.02174 0.0336073
-0.0255109 0.023486 0.0306904
-0.0260625 0.0231184 0.0297208
-0.0229911 0.0194113 0.0336836
-0.021402 0.0197107 0.0336103
-0.0209648 0.0204715 0.0335744
-0.0209193 0.0212555 0.0335542
-0.0321573 0.0171999 0.0341175
-0.0325489 0.017223 0.0341333
-0.0275692 0.0169709 0.0359337
-0.0275692 0.0169709 0.0359337
-0.0303976 0.0179014 0.0350288
-0.0348758 0.0177539 0.034218
-0.0348758 0.0177539 0.034218
-0.0354967 0.0165873 0.0332699
-0.0249759 0.0167965 0.0348284
-0.02454 0.0175552 0.0347925
-0.0354967 0.0165873 0.0332699
-0.0329405 0.0172462 0.0341491
-0.0281454 0.0161994 0.0349745
-0.0249986 0.0164056 0.0348385
-0.0213933 0.0177614 0.0346565
-0.0221516 0.0181985 0.034678
-0.0316383 0.015176 0.0331418
-0.0309442 0.0135573 0.0331505
-0.0284006 0.0142246 0.0340301
-0.0281454 0.0161994 0.0349745
-0.0354967 0.0165873 0.0332699
-0.0359795 0.0137929 0.0313528
-0.0429316 0.0193096 0.028511
-0.0435334 0.0189274 0.0275438
-0.0435334 0.0189274 0.0275438
-0.0432037 0.0177049 0.0275585
-0.047552 0.0146644 0.0248073
-0.0480516 0.0162855 0.0237893
-0.0503362 0.0151756 0.0229093
-0.0490229 0.0135053 0.0238945
-0.0573759 0.006135 0.0214112
-0.0511817 0.0112007 0.0240383
-0.05225 0.0136297 0.0220239
-0.0422279 0.0176684 0.0285198
-0.0406854 0.0176195 0.0304589
-0.0419583 0.0192688 0.0294724
-0.0429316 0.0193096 0.028511
-0.0422279 0.0176684 0.0285198
-0.0412565 0.0176321 0.0294813
-0.0406854 0.0176195 0.0304589
-0.0406854 0.0176195 0.0304589
-0.0385829 0.0167231 0.0313932
-0.0385829 0.0167231 0.0313932
-0.0362364 0.0174199 0.0332814
-0.0362364 0.0174199 0.0332814
-0.0362364 0.0174199 0.0332814
-0.0396357 0.0151712 0.0304721
-0.0385829 0.0167231 0.0313932
-0.0409749 0.0156214 0.0295164
-0.0419224 0.0160507 0.0285448
-0.0433198 0.0157068 0.0276099
-0.0447006 0.0157619 0.0266651
-0.0438068 0.0173174 0.0265916
-0.0447006 0.0157619 0.0266651
-0.0451474 0.0149841 0.0267018
-0.0433894 0.014508 0.0276408
-0.043343 0.0153072 0.0276202
-0.0447006 0.0157619 0.0266651
-0.0456865 0.0157935 0.0257044
-0.0410211 0.0148266 0.0295368
-0.0420381 0.0140581 0.028596
-0.0396587 0.0147748 0.0304823
-0.0396587 0.0147748 0.0304823
-0.0392857 0.0143551 0.0304765
-0.0389128 0.0139353 0.0304708
-0.0319142 0.0187755 0.0350718
-0.0319142 0.0187755 0.0350718
-0.0348758 0.0177539 0.034218
-0.0348758 0.0177539 0.034218
-0.0362364 0.0174199 0.0332814
-0.0362364 0.0174199 0.0332814
-0.035104 0.0165641 0.033254
-0.0343082 0.0152806 0.0312485
-0.0379828 0.0162666 0.0303777
-0.038188 0.0166997 0.0313773
-0.0306364 0.0163233 0.0340744
-0.0311543 0.016725 0.0330855
-0.0275263 0.0157462 0.0339581
-0.0277154 0.022023 0.0298153
-0.0249946 0.0187431 0.0337827
-0.0329876 0.0286233 0.0368895
-0.0329876 0.0286233 0.0368895
-0.0385953 0.0289655 0.0361143
-0.0382285 0.0285526 0.0361086
-0.040595 0.0275317 0.0342288
-0.040595 0.0275317 0.0342288
-0.0423756 0.0264659 0.0313245
-0.0423756 0.0264659 0.0313245
-0.0398573 0.0267014 0.0342174
-0.0420037 0.0260473 0.0313188
-0.0382965 0.0273833 0.0361387
-0.0382738 0.027773 0.0361286
-0.0382285 0.0285526 0.0361086
-0.0436773 0.0233468 0.0274469
-0.0426076 0.0248889 0.0283675
-0.0407362 0.023588 0.030322
-0.0417737 0.0224483 0.0293907
-0.0440998 0.0229708 0.0274733
-0.0431909 0.0217243 0.0284655
-0.0450125 0.0242241 0.026481
-0.0428324 0.0240989 0.0273941
-0.0428324 0.0240989 0.0273941
-0.046116 0.0222698 0.0255714
-0.0454065 0.0206152 0.0255803
-0.0454065 0.0206152 0.0255803
-0.0450751 0.019386 0.0255951
-0.0593781 -0.0106006 0.0208834
-0.0601823 0.000440922 0.0196587
-0.062512 -0.00708377 0.0169277
-0.0419583 0.0192688 0.0294724
-0.0429316 0.0193096 0.028511
-0.0419583 0.0192688 0.0294724
-0.0419583 0.0192688 0.0294724
-0.0432835 0.0201302 0.0285065
-0.0432835 0.0201302 0.0285065
-0.0412565 0.0176321 0.0294813
-0.0420524 0.0168349 0.0275308
-0.043737 0.0185195 0.0265607
-0.0422048 0.0180669 0.0285096
-0.0402895 0.0175961 0.0304429
-0.0400884 0.0171642 0.0294434
-0.0443189 0.018535 0.0255834
-0.0443189 0.018535 0.0255834
-0.0431341 0.0189038 0.0275277
-0.0435102 0.019327 0.0275336
-0.0432835 0.0201302 0.0285065
-0.0448216 0.0205941 0.0265576
-0.0447983 0.0209948 0.0265473
-0.0432835 0.0201302 0.0285065
-0.0442158 0.0209727 0.0275247
-0.0444446 0.0201697 0.0265518
-0.0441462 0.0221715 0.0274938
-0.0432141 0.0213257 0.0284758
-0.0435334 0.0189274 0.0275438
-0.044239 0.0205731 0.0275349
-0.0455757 0.0214428 0.0265692
-0.0444911 0.0193683 0.0265723
-0.0454765 0.0194098 0.0256113
-0.0456165 0.0169989 0.0256734
-0.0465873 0.0210882 0.0256186
-0.0471542 0.0215136 0.0246312
-0.0469154 0.0186695 0.0246875
-0.0470558 0.0162522 0.0247496
-0.044239 0.0205731 0.0275349
-0.0445918 0.0213959 0.0275305
-0.0452974 0.0230416 0.0275216
-0.0462833 0.023093 0.0265603
-0.0445686 0.0217955 0.0275202
-0.0449214 0.0226184 0.0275157
-0.0452742 0.0234412 0.0275113
-0.0452742 0.0234412 0.0275113
-0.0435743 0.0257451 0.029389
-0.0435743 0.0257451 0.029389
-0.0426008 0.0256868 0.0303509
-0.0445918 0.0213959 0.0275305
-0.0431909 0.0217243 0.0284655
-0.0417737 0.0224483 0.0293907
-0.0405161 0.0243729 0.0312957
-0.0400538 0.0263227 0.0332332
-0.0402733 0.0255476 0.0322593
-0.0380989 0.0269856 0.0351385
-0.0379449 0.0258017 0.0341585
-0.0342682 0.0306331 0.0378972
-0.0385274 0.0301348 0.0360842
-0.0392685 0.0262762 0.0332015
-0.0331816 0.0263272 0.0289419
-0.0330057 0.0267104 0.0299267
-0.0339378 0.0271382 0.0339603
-0.0224174 0.022524 0.0335872
-0.022809 0.0225471 0.033603
-0.0250701 0.0242531 0.0306541
-0.0250701 0.0242531 0.0306541
-0.021657 0.0220857 0.0335656
-0.023028 0.0233492 0.0345945
-0.0254664 0.0285923 0.0345742
-0.0272099 0.0283457 0.0306481
-0.0244534 0.025799 0.0315935
-0.0238245 0.0253604 0.0335798
-0.0280357 0.0291235 0.0356701
-0.0237409 0.024568 0.0345959
-0.0343796 0.0275428 0.0359716
-0.041809 0.02564 0.0303189
-0.0412612 0.024412 0.0293235
-0.0208965 0.0216474 0.0335441
-0.0222697 0.0229122 0.0345731
-0.0201589 0.0208172 0.0335327
-0.0188913 0.0203591 0.0344916
-0.0197445 0.021186 0.0335068
-0.021466 0.0232569 0.0345315
-0.0237409 0.024568 0.0345959
-0.023305 0.0253267 0.03456
-0.0263184 0.0293992 0.0365932
-0.0264781 0.0290314 0.0356073
-0.0341978 0.0279148 0.0369564
-0.0341978 0.0279148 0.0369564
-0.0247876 0.0289187 0.0365405
-0.0228918 0.0256945 0.0345342
-0.0247876 0.0289187 0.0365405
-0.022285 0.0272191 0.0354746
-0.0329876 0.0286233 0.0368895
-0.0337869 0.0282806 0.0369308
-0.0221516 0.0181985 0.034678
-0.0193499 0.0192095 0.0345375
-0.0225421 0.0182215 0.0346937
-0.0201082 0.0196466 0.034559
-0.0234055 0.0190425 0.0337095
-0.0197177 0.0196235 0.0345432
-0.0185462 0.0195542 0.034496
-0.0233827 0.0194345 0.0336994
-0.0189613 0.0211397 0.0334752
-0.0173066 0.0206577 0.0344186
-0.0165434 0.0221768 0.0333502
-0.0165029 0.0210024 0.034377
-0.0193772 0.0254868 0.0343924
-0.0206168 0.0243834 0.0344698
-0.0177652 0.0195081 0.0344645
-0.0185916 0.0187725 0.0345161
-0.0169615 0.0198528 0.0344229
-0.0173085 0.0187112 0.0354652
-0.0250213 0.0160147 0.0348485
-0.0234593 0.0159224 0.0347855
-0.0210254 0.0173474 0.0346508
-0.0202898 0.0165195 0.0346394
-0.0309442 0.0135573 0.0331505
-0.0356764 0.0121886 0.0313776
-0.0307798 0.00960339 0.0332358
-0.0345404 0.00859719 0.032415
-0.0257296 0.0105654 0.035005
-0.0276174 0.0141783 0.0339985
-0.0451939 0.0141827 0.0267225
-0.0476924 0.012247 0.0248695
-0.0445329 0.0117311 0.026752
-0.043459 0.0133091 0.0276716
-0.0420844 0.0132611 0.0286165
-0.0431293 0.0120867 0.0276863
-0.0410288 0.0107993 0.0286298
-0.0403192 0.0131899 0.0295456
-0.0381669 0.0130959 0.0304592
-0.03784 0.0118834 0.0304738
-0.0493621 0.0179633 0.0228037
-0.0495787 0.0212279 0.0227367
-0.0512497 0.0168311 0.0219077
-0.052839 0.0209872 0.020876
-0.0159535 0.0237155 0.0342909
-0.0156992 0.0213471 0.0343354
-0.0137518 0.024366 0.0361862
-0.0139895 0.0220352 0.0352493
-0.0150189 0.0275505 0.037166
-0.0176573 0.0261633 0.0353061
-0.0157056 0.0193987 0.0353822
-0.0161403 0.0186421 0.035418
-0.0140453 0.0193129 0.0363161
-0.0157509 0.0186191 0.0354023
-0.023205 0.013554 0.0348301
-0.022389 0.0119711 0.0358341
-0.0195315 0.0160824 0.0346179
-0.0183138 0.0148593 0.0355968
-0.0464509 0.0349575 0.0343001
-0.0448164 0.0325204 0.0332876
-0.0407055 0.0330015 0.0361083
-0.0430662 0.0362397 0.0371325
-0.0499945 0.0383484 0.0333678
-0.0518017 0.035005 0.0295165
-0.048126 0.033172 0.030407
-0.0464208 0.0318609 0.0313676
-0.0492202 0.0240567 0.023657
-0.0481512 0.025211 0.0245867
-0.0482444 0.0272339 0.0255446
-0.0498034 0.0281324 0.0255887
-0.0528305 0.0246683 0.0217911
-0.0530215 0.0283351 0.0237159
-0.0503146 0.0297646 0.0265731
-0.047529 0.0295787 0.0284635
-0.0521998 0.0318865 0.0266024
-0.0231391 0.032674 0.0383866
-0.024155 0.0308131 0.0374711
-0.0212926 0.0287121 0.0363995
-0.0193059 0.0293748 0.0363012
-0.0212339 0.0344421 0.0402682
-0.0167976 0.0303782 0.0371743
-0.0366707 0.0369308 0.0398531
-0.0352948 0.0330274 0.0378843
-0.024943 0.0285495 0.0355545
-0.0226744 0.0272421 0.0354903
-0.0247876 0.0289187 0.0365405
-0.0222624 0.0276089 0.0354646
-0.040595 0.0275317 0.0342288
-0.0405723 0.0279236 0.0342187
-0.0421278 0.0276348 0.0322881
-0.0423756 0.0264659 0.0313245
-0.0439252 0.0265634 0.0293846
-0.0439252 0.0265634 0.0293846
-0.0455575 0.0254629 0.027476
-0.0455575 0.0254629 0.027476
-0.04626 0.0234937 0.0265501
-0.04626 0.0234937 0.0265501
-0.0222397 0.0279987 0.0354545
-0.024765 0.0293074 0.0365305
-0.045421 0.075852 0.0242943
-0.0531138 0.0724947 0.0196878
-0.0505133 0.0644607 0.0247721
-0.0416105 0.0303449 0.0342056
-0.0434455 0.0285122 0.0313215
-0.045001 0.0286211 0.0293815
-0.0465208 0.0259216 0.0265044
-0.0465208 0.0259216 0.0265044
-0.0654096 -0.00190278 0.0119222
-0.067635 0.00848206 0.00676742
-0.0308476 -0.0533595 0.040712
-0.0288611 -0.0548034 0.0416639
-0.0562452 -0.0132278 0.0248185
-0.0511648 -0.0159087 0.0286736
-0.0247248 -0.0453538 0.0452758
-0.0247248 -0.0453538 0.0452758
-0.0239191 -0.0446367 0.0452255
-0.0247248 -0.0453538 0.0452758
-0.0239191 -0.0446367 0.0452255
-0.0247713 -0.044017 0.0442455
-0.0239191 -0.0446367 0.0452255
-0.0239191 -0.0446367 0.0452255
-0.028855 -0.0309622 0.0451129
-0.0305867 -0.0270952 0.0420917
-0.033294 -0.0313365 0.0413023
-0.0318743 -0.034394 0.0443177
-0.0277738 -0.0450014 0.0423914
-0.0277738 -0.0450014 0.0423914
-0.0247713 -0.044017 0.0442455
-0.0277738 -0.0450014 0.0423914
-0.0285818 -0.0522811 0.0425947
-0.0269098 -0.0456241 0.043371
-0.030791 -0.0481146 0.0415886
-0.0277514 -0.0446171 0.0423815
-0.0340286 -0.0522252 0.0398172
-0.0312879 -0.050019 0.0416537
-0.031494 -0.0469128 0.04159
-0.0347809 -0.0476972 0.0407442
-0.0241145 -0.0195142 0.0436474
-0.0287264 -0.0239815 0.0429427
-0.0254503 -0.0271915 0.0458842
-0.0221488 -0.0228114 0.0456445
-0.0194634 -0.0178929 0.046419
-0.0205687 -0.0152794 0.0454031
-0.0160128 -0.0116008 0.0501331
-0.0171715 -0.014052 0.0512396
-0.0164246 -0.0151335 0.0552382
-0.0161547 -0.0131451 0.0531784
-0.015801 -0.0198711 0.0533203
-0.0177921 -0.0163809 0.0503186
-0.0116487 -0.0220814 0.0552009
-0.0115264 -0.0215844 0.0561853
-0.0160479 -0.0204882 0.0513427
-0.0162041 -0.0213601 0.0503684
-0.0128591 -0.022145 0.0542517
-0.0114041 -0.0210895 0.0571698
-0.0136464 -0.0199822 0.0562364
-0.0159557 -0.0171393 0.0572677
-0.00657259 -0.0201793 0.0659573
-0.00748848 -0.0189207 0.0669674
-0.00773268 0.0131177 0.0502131
-0.0109914 0.00864179 0.0464487
-0.00772837 0.0101972 0.0522832
-0.0113584 0.00719459 0.0474989
-0.0146053 -0.0138215 0.0611386
-0.0147652 -0.0129405 0.0591225
-0.0119701 -0.0128058 0.0650096
-0.0116119 -0.0111357 0.0639547
-0.00311303 0.0282072 0.0496689
-0.0052277 -0.0239113 0.0629847
-0.0060338 -0.0240063 0.0620194
-0.00512279 -0.0234143 0.0639699
-0.0055555 -0.0394545 0.0613582
-0.00604828 -0.0354242 0.0612848
-0.0169326 -0.0421683 0.0518846
-0.00812021 -0.0441386 0.0555674
-0.00812021 -0.0441386 0.0555674
-0.0161167 -0.0427706 0.0528657
-0.0195364 -0.0425938 0.0489997
-0.0195364 -0.0425938 0.0489997
-0.018501 -0.0415171 0.0509337
-0.00992083 -0.0432915 0.0556228
-0.0115388 -0.0441362 0.0547088
-0.00812021 -0.0441386 0.0555674
-0.00606391 -0.0431244 0.0574603
-0.0115388 -0.0441362 0.0547088
-0.018819 -0.023737 0.0485305
-0.0147292 -0.0235637 0.0513593
-0.0106283 -0.023623 0.0551942
-0.00854983 -0.0240616 0.0581211
-0.00768607 -0.0232391 0.0590671
-0.01012 -0.0227752 0.0561544
-0.00768607 -0.0232391 0.0590671
-0.00965676 -0.0226653 0.0571336
-0.00951857 -0.0218021 0.0581089
-0.0102069 -0.0210274 0.0581196
-0.00892202 -0.0208376 0.0600638
-0.00892202 -0.0208376 0.0600638
-0.00789566 -0.0219928 0.0600479
-0.00476451 0.00479228 0.0653003
-0.00434282 0.00861997 0.0631913
-0.0106062 -0.0342167 0.0584434
-0.00455462 -0.0335002 0.0601766
-0.00287742 -0.0308831 0.0610468
-0.00990092 -0.028386 0.0582782
-0.0147225 -0.030417 0.0555232
-0.0153432 -0.0364967 0.0566919
-0.00680219 -0.0233762 0.0610357
-0.00990585 -0.0362814 0.0594635
-0.0102365 -0.0404781 0.0585738
-0.0159743 -0.0392305 0.0557807
-0.0157827 -0.0405426 0.0548022
-0.0195985 -0.0384552 0.0529104
-0.0188589 -0.0321476 0.0527327
-0.0254746 -0.0343052 0.0490544
-0.0233227 -0.0406678 0.0481116
-0.0311848 -0.0440285 0.042511
-0.0264316 -0.0462196 0.0443661
-0.0263428 -0.044691 0.0443268
-0.0258944 -0.0435671 0.0442819
-0.0299386 -0.0406438 0.0443825
-0.0339879 -0.0432847 0.0416095
-0.0334231 -0.0387017 0.0434815
-0.0283459 -0.037696 0.0462497
-0.0243909 -0.0417424 0.0461789
-0.0255792 -0.0447361 0.044296
-0.0239191 -0.0446367 0.0452255
-0.0246805 -0.0445917 0.0452562
-0.0239191 -0.0446367 0.0452255
-0.0233845 -0.0440895 0.0461916
-0.0234066 -0.0444695 0.0462014
-0.0225176 -0.0443246 0.0471621
-0.0224076 -0.0424302 0.0471134
-0.0239191 -0.0446367 0.0452255
-0.0226032 -0.0437545 0.0461513
-0.0225616 -0.0450823 0.0471815
-0.0239191 -0.0446367 0.0452255
-0.0247713 -0.044017 0.0442455
-0.0239191 -0.0446367 0.0452255
-0.0247713 -0.044017 0.0442455
-0.0238748 -0.0438746 0.0452059
-0.0247713 -0.044017 0.0442455
-0.0247713 -0.044017 0.0442455
-0.0239191 -0.0446367 0.0452255
-0.0239191 -0.0446367 0.0452255
-0.0239191 -0.0446367 0.0452255
-0.0225616 -0.0450823 0.0471815
-0.015611 -0.0422326 0.0538332
-0.0188969 -0.0418695 0.0509584
-0.019083 -0.0431812 0.0499956
-0.016976 -0.0429151 0.0519038
-0.0194801 -0.0435346 0.0500204
-0.0227421 -0.04165 0.0471092
-0.0182573 -0.0437863 0.0509764
-0.022559 -0.0429945 0.0461317
-0.0258057 -0.0420385 0.0442426
-0.0216946 -0.0432327 0.0471023
-0.0276845 -0.0434641 0.0423519
-0.0247269 -0.0432526 0.0442258
-0.0276845 -0.0434641 0.0423519
-0.0280015 -0.0422884 0.0423377
-0.0212337 -0.0438238 0.048098
-0.0190842 -0.0405423 0.0519364
-0.0115988 -0.0418871 0.0566612
-0.00580924 -0.0412807 0.059409
-0.00473247 -0.0029613 0.0714864
-0.00474041 0.00105466 0.0683898
-0.0239191 -0.0446367 0.0452255
-0.00897582 -0.109935 -0.00493515
-0.0264538 -0.0466017 0.0443759
-0.0295417 -0.0532162 0.0416554
-0.0269098 -0.0456241 0.043371
-0.0310496 -0.0568382 0.0408015
-0.0267691 -0.0608725 0.0427192
-0.0247401 -0.056673 0.044539
-0.0282648 -0.0534568 0.0426088
-0.0227608 -0.050557 0.0483185
-0.0251677 -0.0485594 0.0463701
-0.0234287 -0.046932 0.0472608
-0.0217462 -0.0481329 0.0492209
-0.0208239 -0.0472241 0.0501624
-0.0225616 -0.0450823 0.0471815
-0.0195364 -0.0425938 0.0489997
-0.0161167 -0.0427706 0.0528657
-0.0182573 -0.0437863 0.0509764
-0.0225616 -0.0450823 0.0471815
-0.0239191 -0.0446367 0.0452255
-0.0226032 -0.0437545 0.0461513
-0.0203328 -0.0433027 0.0490494
-0.0226032 -0.0437545 0.0461513
-0.0161167 -0.0427706 0.0528657
-0.013674 -0.107905 -0.0047864
-0.0225616 -0.0450823 0.0471815
-0.020296 -0.0446171 0.0500796
-0.0157404 -0.04446 0.0538905
-0.017864 -0.0471505 0.0530406
-0.0176866 -0.0505234 0.0531118
-0.018031 -0.0528187 0.0511773
-0.0191358 -0.0598691 0.0483842
-0.0202771 -0.0646062 0.047541
-0.0128973 -0.0613895 0.0511628
-0.0129087 -0.0665363 0.050282
-0.0125104 -0.0544782 0.0549903
-0.0128254 -0.0503067 0.0569085
-0.0107096 -0.0456319 0.0567113
-0.0107653 -0.0450931 0.0557
-0.0072959 -0.0242172 0.0600747
-0.00823781 -0.0216077 0.0600533
-0.00690195 -0.0216431 0.0630017
-0.00873216 -0.0172933 0.0679825
-0.00457749 -0.0228049 0.0659353
-0.0106531 -0.0136191 0.0679771
-0.0102388 -0.0142392 0.0689754
-0.00938818 -0.0118047 0.0688832
-0.00984102 -0.0118867 0.0679028
-0.00770061 -0.0162731 0.0709191
-0.00858505 -0.0117434 0.0698493
-0.00549987 -0.0175595 0.0728596
-0.00613262 -0.0118028 0.073753
-0.00443738 -0.00666046 0.0735625
-0.00490144 -0.0100236 0.0746613
-0.00861966 -0.0107852 0.0688274
-0.00910526 -0.00989595 0.0668246
-0.00841723 -0.00726613 0.0647324
-0.0113742 -0.00991021 0.0619139
-0.00922628 -0.0440732 0.055612
-0.00885752 -0.044095 0.0555972
-0.0208727 -0.0598701 0.0464544
-0.0183986 -0.0555125 0.0492531
-0.00834225 -0.0605314 0.0509528
-0.00701849 -0.0623618 0.049939
-0.00692679 -0.0440094 0.0565157
-0.00812021 -0.0441386 0.0555674
-0.0115388 -0.0441362 0.0547088
-0.00502823 -0.04429 0.0574442
-0.00470436 -0.0450454 0.0574483
-0.00653552 -0.0462023 0.0585528
-0.00418317 -0.0600257 0.0507675
-0.00401657 -0.0625392 0.0498179
-0.0266113 -0.0537175 0.0435471
-0.0272914 -0.0565996 0.0426414
-0.0237552 -0.0549703 0.0454594
-0.0230309 -0.0602252 0.0445504
-0.00758857 -0.0682 0.0521011
-0.00730682 -0.0620958 0.050946
-0.00612257 -0.052972 0.0596944
-0.00724301 -0.0558056 0.0568037
-0.0731588 0.0813382 0.000295192
-0.067056 0.0718612 0.00827047
-0.0553453 0.080704 0.0145839
-0.0601557 0.0852199 0.0086726
-0.0708572 0.0870771 0.00106663
-0.0666494 0.0880739 0.00387129
-0.00520557 0.011778 0.0591491
-0.0611619 0.10626 0.000215381
-0.0710295 0.000128306 9.56059e-05
-0.0708948 0.0139356 -0.00123274
-0.0736289 0.00563786 -0.00492999
-0.0723096 -0.00934027 -0.00463617
-0.0712415 0.0269716 -0.00252306
-0.0727919 0.0200504 -0.00530061
-0.0724166 0.0340519 -0.00564238
-0.0704611 0.040409 -0.00286859
-0.0478534 0.0583904 0.027806
-0.0475692 0.0836094 0.0191976
-0.0557069 0.0244213 0.0199145
-0.0549504 0.0198526 0.0189883
-0.0560514 0.0289416 0.0208248
-0.0536006 0.0149023 0.0210496
-0.0148407 0.00644602 0.043657
-0.0136232 0.00419219 0.045661
-0.0132356 0.000879817 0.0477242
-0.0175934 0.000423735 0.0429109
-0.0171613 -0.00251764 0.0449637
-0.0100786 0.00176848 0.0525775
-0.0105131 0.00391458 0.0505434
-0.0136382 -0.0012917 0.0487927
-0.0124824 -0.00421226 0.0508149
-0.00961589 -0.00139031 0.0556352
-0.0184033 -0.0165799 0.0483465
-0.0183544 -0.0118756 0.0462326
-0.0156204 -0.0076728 0.0480229
-0.0201726 -0.00440875 0.0431311
-0.0198692 -0.00778664 0.0441982
-0.0159108 -0.00433514 0.0469562
-0.0214343 -0.00218312 0.0411296
-0.0128463 -0.00914637 0.0539484
-0.0137609 -0.0110108 0.0570334
-0.00921991 -0.00558373 0.0587198
-0.008066 -0.00285281 0.0616115
-0.0077457 0.000915935 0.058507
-0.0184341 0.00303877 0.0408828
-0.0233902 0.00166138 0.0391194
-0.0232889 -0.0118938 0.0434355
-0.0262779 -0.0148969 0.0426289
-0.0240283 -0.00704327 0.0413511
-0.0278274 -0.0103884 0.0405863
-0.0250918 -0.00320196 0.0403048
-0.0296987 -0.00688613 0.0395816
-0.031763 -0.0182775 0.0409342
-0.0344131 -0.0213456 0.0401151
-0.0388063 -0.0274396 0.0394391
-0.0369065 -0.0187293 0.0381559
-0.0404151 -0.0225562 0.0373903
-0.0393108 -0.0141265 0.0361467
-0.0433729 -0.0172615 0.0343869
-0.032397 -0.01332 0.039844
-0.0349271 -0.00879989 0.0368409
-0.0322284 -0.00270137 0.0365863
-0.0267527 -0.00053734 0.0383097
-0.041682 -0.00252758 0.0319709
-0.0400535 -0.00759718 0.0340233
-0.0360779 -0.00568856 0.0358153
-0.0360399 0.000448275 0.0336685
-0.0435835 -0.0110395 0.0332496
-0.044839 -0.00289373 0.0301088
-0.0451212 0.00224349 0.0289998
-0.0303312 0.00804552 0.0342545
-0.0265787 0.00943894 0.0350667
-0.0336427 0.00780053 0.0333972
-0.0389914 0.00286593 0.031733
-0.0372464 0.00282446 0.0326623
-0.0490403 0.00990101 0.0249804
-0.0459666 0.00779497 0.0269035
-0.0410163 0.00804671 0.0296945
-0.0367416 0.00749226 0.0315314
-0.0427834 0.00810373 0.0287658
-0.0210984 0.0119291 0.0367823
-0.0174905 0.013666 0.0365914
-0.00775636 0.00372725 0.0564396
-0.00781143 0.00726945 0.053356
-0.0133492 0.0308908 0.040022
-0.0120674 0.0281283 0.0390317
-0.00599372 0.0280445 0.0467894
-0.0186059 0.035762 0.0421301
-0.0137355 0.0161954 0.037377
-0.0124162 0.01884 0.0372603
-0.0118489 0.021918 0.037165
-0.0112089 0.0245998 0.0380769
-0.0301919 0.0485802 0.0443172
-0.0274304 0.041125 0.0453767
-0.0626656 0.0655022 0.0142423
-0.0659571 0.0545021 0.00862896
-0.0514411 0.0445037 0.0302814
-0.0553607 0.039713 0.0265519
-0.0567056 0.0346335 0.0237229
-0.0662198 0.0441509 0.00487643
-0.0668137 0.0305575 0.0042167
-0.0675061 0.0186345 0.00452331
-0.0508531 0.100657 0.00792497
-0.0508531 0.100657 0.00792497
-0.0522007 0.0885519 0.0132688
-0.0468278 0.112585 0.00948149
-0.0611619 0.10626 0.000215381
-0.0498266 0.100402 0.00888923
-0.0399917 0.0976582 0.0175532
-0.0402992 0.0932135 0.0196718
-0.0386498 0.0853673 0.0247914
-0.0370454 0.0773133 0.0299178
-0.0102826 -0.0065199 0.0557825
-0.00979754 -0.00609144 0.0567535
-0.010304 -0.00688786 0.055792
-0.00979754 -0.00609144 0.0567535
-0.010304 -0.00688786 0.055792
-0.00892202 -0.0208376 0.0600638
-0.0113543 -0.00921466 0.0578923
-0.0102493 -0.00753721 0.056806
-0.0107914 -0.00731959 0.0548213
-0.0693413 -0.0336191 -0.0041945
-0.0674641 -0.0389889 -0.00414771
-0.0623499 -0.0489325 -0.00412944
-0.065947 -0.0430227 -0.00411704
-0.0560535 -0.0611372 -0.00410783
-0.0596994 -0.0511327 -0.00118533
-0.0499463 -0.0686291 0.000817597
-0.0544578 -0.0590554 0.00378624
-0.0435858 -0.0727734 0.00965908
-0.048829 -0.062888 0.012651
-0.0308213 -0.0771015 0.0312525
-0.0293987 -0.0804372 0.0282674
-0.0218508 -0.0845826 0.0370594
-0.023645 -0.0808425 0.0400505
-0.0163376 -0.0853232 0.0418524
-0.0169733 -0.0829015 0.0458271
-0.00955869 -0.0867814 0.0456081
-0.00903407 -0.0841023 0.0505295
-0.000290731 -0.086697 0.0472218
-0.00033702 -0.0843037 0.0511726
-9.86233e-05 -0.0763026 0.0539797
-0.00902118 -0.0761476 0.0543483
-0.00858614 -0.0802022 0.0534234
-2.95695e-05 -0.0815217 0.0540983
-0.0164341 -0.0753732 0.0506349
-0.0172792 -0.0800701 0.0487773
-0.0232504 -0.0725889 0.0458487
-0.024273 -0.0776032 0.0430047
-0.0308868 -0.0693996 0.039085
-0.0316235 -0.07278 0.0351898
-0.035927 -0.0629087 0.0341384
-0.0380267 -0.0656062 0.029283
-0.00755092 -0.0902807 0.0385979
-0.000431528 -0.0900633 0.0402981
-0.0151306 -0.0888233 0.0358767
-0.0205822 -0.0877668 0.0320749
-0.0265572 -0.0858149 0.0242696
-0.0364657 -0.0764166 0.0194584
-0.0311194 -0.0841858 0.0164128
-0.0402746 -0.0765108 0.0106091
-0.0452816 -0.0770351 -0.0021846
-0.0531141 -0.0663383 -0.00310814
-0.0599349 -0.0525812 -0.00414521
-0.0150467 -0.0709326 0.0504736
-0.00808884 -0.0716388 0.0532032
-0.022582 -0.0676577 0.045706
-0.0295454 -0.0642961 0.0409124
-0.0336088 -0.0601159 0.0379812
-0.0387937 -0.0484667 0.0379261
-0.0373534 -0.0546415 0.0370087
-0.0360607 -0.0363741 0.0405339
-0.0378951 -0.042463 0.0387499
-0.04431 -0.0296737 0.0357162
-0.0465119 -0.0379368 0.0329972
-0.0426206 -0.0411799 0.0359137
-0.0410489 -0.0334704 0.0376709
-0.047311 -0.0244049 0.0327153
-0.0510115 -0.0339624 0.0290877
-0.00791132 -0.0919306 0.0346467
-0.000473047 -0.0927648 0.0343559
-0.0134631 -0.092404 0.0298837
-0.0190852 -0.0916345 0.0250946
-0.0190391 -0.0929832 0.0221207
-0.0311194 -0.0841858 0.0164128
-0.0352075 -0.0839798 0.00756833
-0.0448727 -0.0774953 -0.00219092
-0.0482708 -0.0731819 -0.00315079
-0.020556 -0.0990811 0.00530657
-0.0160196 -0.0984965 0.0131128
-0.0122974 -0.0983545 0.01796
-0.0107076 -0.0971539 0.0218703
-0.00696662 -0.0970519 0.0227129
-0.000497734 -0.0978418 0.0224615
-0.00516126 -0.100579 0.0147107
0.000203203 -0.101313 0.014504
-0.00673329 -0.102209 0.0108097
-0.000114454 -0.103349 0.00955895
-0.00894109 -0.104895 0.00495747
5.03063e-05 -0.105097 0.00558823
-0.0404141 -0.055748 0.0331576
-0.0438653 -0.056887 0.0273212
-0.0464448 -0.0480651 0.0302268
-0.0513896 -0.0449195 0.024353
-0.0479272 -0.0561312 0.0224674
-0.0426306 -0.049065 0.0340956
-0.0536709 -0.0517032 0.0145947
-0.0562007 -0.0406464 0.0194484
-0.0551187 -0.0286986 0.0251319
-0.0606493 -0.0354285 0.0145068
-0.0583506 -0.0471391 0.0086768
-0.0587218 -0.0238857 0.0201643
-0.0617802 -0.019258 0.0161796
-0.063973 -0.0309695 0.00953585
-0.0631042 -0.0416202 0.004742
-0.0404757 -0.0684228 0.0224428
-0.0674793 -0.0354494 -0.0012261
-0.0640735 -0.0149898 0.0121713
-0.0663966 -0.0248813 0.00649175
-0.0673986 -0.00938591 0.00717375
-0.0697291 -0.0182389 -0.000531971
-0.0705986 -0.0253929 -0.00233132
-0.000210792 -0.0718258 0.0538801
-0.0213214 -0.0298578 0.0497786
-0.0172277 -0.0279123 0.0515648
-0.0122318 -0.0257501 0.0553106
-0.00945059 -0.0269446 0.0582258
-0.00740147 -0.0260352 0.0601215
-0.000274759 -0.110888 -0.00527591
0.000473905 0.0413208 0.0522172
0.000279995 -0.106527 0.00260851
0.000111038 -0.0627832 0.0496514
-0.000127487 -0.068641 0.0518002
0.000831073 -0.0585808 0.0515258
-0.00123514 0.00281062 0.071206
1.99061e-05 -0.059657 0.0515847
0.000243736 -0.0512959 0.0603909
0.000793301 -0.0453704 0.0572265
0.000277279 0.078519 0.0393453
0.000452237 -0.0467738 0.0592758
-0.0011801 -0.0288507 0.0629309
-0.000601925 -0.00191616 0.0742932
0.000814606 -0.0450035 0.0572171
0.000239378 -0.0549088 0.0574718
0.000793301 -0.0453704 0.0572265
0.000814606 -0.0450035 0.0572171
0.00234695 -0.0339081 0.0598982
0.000129431 -0.030173 0.061906
-0.000111632 0.020217 0.0567378
-0.000780858 0.0177343 0.0598269
0.00295566 0.104298 0.0276206
9.17409e-05 0.0882935 0.0341197
-5.97239e-05 0.00721607 0.0690521
0.000532886 0.0611878 0.0467463
-2.77702e-05 -0.00629465 0.0763735
-0.00346924 -0.0234443 0.0669051
0.000190757 -0.0440307 0.0582216
0.000814606 -0.0450035 0.0572171
-0.00279047 -0.0203883 0.0738136
0.000213508 -0.0339757 0.0609899
0.000339817 -0.0318007 0.060934
0.00053402 0.0487454 0.0520418
0.000171408 -0.0347006 0.0610085
0.00107511 0.0283181 0.0504927
0.000326844 -0.0392508 0.0621092
-0.000274759 -0.110888 -0.00527591
0.000408357 -0.0421848 0.0601718
0.000814606 -0.0450035 0.0572171
-0.00149623 0.0117643 0.0650015
0.000814606 -0.0450035 0.0572171
0.00118201 0.0694675 0.043523
-0.0052277 -0.0239113 0.0629847
-0.0052277 -0.0239113 0.0629847
0.000616133 0.0257217 0.0515735
0.000342185 0.097691 0.0298857
0.000791041 0.030974 0.0494416
-0.0052277 -0.0239113 0.0629847
0.000659578 0.0231092 0.0546359
-0.000745289 0.0159557 0.0618692
-0.000144061 -0.0105754 0.0784803
-0.00151067 -0.00922067 0.0775046
0.0079124 0.10964 0.0252871
-0.00273824 -0.0218582 0.0708422
0.000677129 0.0343193 0.0503695
-0.00268061 -0.0233482 0.0678711
-0.00512279 -0.0234143 0.0639699
0.0121718 -0.00775816 0.0558758
0.0654131 -0.0406165 0.00236079
0.0642343 -0.0555384 -0.00925618
0.0642343 -0.0555384 -0.00925618
0.0635983 -0.0505725 -0.00133616
0.0575439 -0.0617466 -0.00683019
0.0616387 -0.0528492 -0.000200272
0.0500339 -0.0684417 0.000647038
0.0543818 -0.0591106 0.00525403
-0.00637727 -0.0177624 0.0708986
-0.00570637 -0.0203207 0.0679268
0.0432272 -0.0718647 0.010021
0.0476792 -0.0630991 0.0126345
-0.0157446 0.0205653 0.0343556
-0.0102069 -0.0210274 0.0581196
-0.00583908 0.00287954 0.0623862
-0.0148589 0.020522 0.0353208
0.0292164 -0.0774382 0.0317592
0.0274899 -0.0820276 0.0279336
0.0220905 -0.0836499 0.0352046
0.0225933 -0.0805647 0.0391163
-0.0115264 -0.0215844 0.0561853
0.0149628 -0.0853216 0.0415477
0.0155161 -0.0826096 0.0454661
0.00765937 -0.08672 0.0458896
0.00831412 -0.0836201 0.0497946
-0.00627328 0.0102658 0.0562254
-0.00790987 0.0190491 0.0440755
0.00843337 -0.0763515 0.0526237
0.00893946 -0.080491 0.0526991
-0.0057792 0.00675378 0.0602912
-0.0163736 -0.0161288 0.0562604
-0.0148384 -0.019671 0.0552778
-0.00693097 -0.0105686 0.0717553
-0.0068593 -0.00785597 0.070688
0.0147767 -0.0761781 0.0503528
-0.00894218 -0.0133774 0.0709035
-0.00670806 -0.0173902 0.0709037
0.0160838 -0.0794737 0.0483727
-0.017352 0.0198759 0.0344386
-0.0255109 0.023486 0.0306904
-0.00734223 -0.0115993 0.0717964
-0.00602743 -0.0160029 0.0738464
-0.0209421 0.0208635 0.0335643
-0.0165256 0.0206115 0.0343871
-0.0115499 -0.0117527 0.0649675
-0.00678995 0.0179174 0.0490608
0.0221413 -0.0734695 0.0449768
0.0230867 -0.0778057 0.0420349
0.0302174 -0.06938 0.0385378
0.0305363 -0.0731668 0.0346081
-0.0146747 -0.0132008 0.0601259
0.0353994 -0.0636486 0.0341835
0.0365905 -0.0670422 0.0302083
0.00772244 -0.0897692 0.0399511
-0.0185008 0.020336 0.0344759
-0.01979 0.0204021 0.033527
-0.00652301 -0.000835964 0.0655047
0.0139398 -0.0890519 0.0356705
0.0199439 -0.0877766 0.0303845
0.0253217 -0.0866699 0.0241276
0.0362099 -0.0766337 0.0194351
-0.0225085 0.0209561 0.0336275
-0.00622384 -0.0224062 0.0629912
-0.0106517 -0.0119476 0.0669369
-0.00938818 -0.0118047 0.0688832
-0.0066719 -0.0225181 0.0620114
0.0314511 -0.0833148 0.0167858
0.0391521 -0.0792586 0.00836092
-0.0123487 0.0200029 0.0372304
0.0463492 -0.0729361 0.000905424
-0.00668474 0.0153505 0.0521196
-0.00620932 0.0128079 0.0551624
0.053849 -0.06851 -0.00852081
0.0610025 -0.0584151 -0.00905436
-0.00623663 -0.0205573 0.0659521
0.0139338 -0.0711381 0.0492694
0.00674652 -0.0732629 0.0526222
0.0215587 -0.0703849 0.0449292
-0.00685673 -0.00485477 0.0686157
0.0284548 -0.0652938 0.0405184
0.0326419 -0.0609908 0.0382412
0.0383801 -0.048919 0.0377207
-0.00823781 -0.0216077 0.0600533
0.0361062 -0.055593 0.0369698
0.0369987 -0.0367113 0.0404974
0.0378572 -0.0427104 0.0396002
0.0445222 -0.0298898 0.0370212
0.0470281 -0.0388412 0.0331206
0.0427475 -0.0415948 0.0363668
-0.00417997 -0.016908 0.0757927
-0.00679465 -0.01573 0.072871
0.0406743 -0.0340069 0.0392799
0.0477065 -0.0258094 0.0337899
0.0506815 -0.0344095 0.0298616
0.00583283 -0.092743 0.0340923
-0.0285515 0.034489 0.0405723
-0.0293847 0.0318797 0.0386656
0.0125405 -0.0921111 0.0307944
0.0177617 -0.091575 0.0255584
0.0240135 -0.089807 0.0202507
0.0292507 -0.0887464 0.0119984
0.0365402 -0.0843949 0.00458497
0.0388633 -0.0829377 0.00245181
-0.0220347 0.038185 0.044219
-0.00437903 0.0372334 0.0505126
-0.00977471 0.0376349 0.0487261
0.0519515 -0.0710273 -0.00838304
-0.0294475 0.0291941 0.0367285
-0.0311963 0.0285281 0.0358158
-0.0288469 0.0303127 0.0376785
-0.0310234 0.0288972 0.0368011
-0.0304633 0.0292414 0.0377709
0.0586434 -0.0613433 -0.00888774
-0.0290592 0.0291712 0.0367128
-0.0290592 0.0291712 0.0367128
0.0147795 -0.100856 0.00887957
-0.0286335 0.0371575 0.0415148
0.0148837 -0.0991678 0.0128404
0.0124989 -0.0978487 0.0179149
-0.0290592 0.0291712 0.0367128
-0.0309562 0.0285246 0.0348047
0.00974111 -0.0968167 0.0220105
-0.0308096 0.0277653 0.0308118
0.00561255 -0.0977954 0.0222055
0.000150261 0.0369244 0.051332
-0.0209122 0.0485106 0.0479362
-0.053041 0.0483607 0.0272548
0.00478688 -0.101167 0.0143094
-0.0564261 0.0426798 0.024525
0.00711374 -0.102607 0.0102413
-0.0475395 0.00512952 0.0280323
-0.0506388 0.00681308 0.0261201
-0.0182811 0.0419479 0.0479793
0.00864643 -0.104001 0.00620523
0.0401983 -0.0563017 0.0328111
0.0427713 -0.0573096 0.0287227
0.047101 -0.0484364 0.0303377
0.051267 -0.0456219 0.0250926
-0.0260715 0.0689169 0.0376647
-0.0245291 0.0615266 0.0407759
-0.0394831 0.0540503 0.035567
0.0477213 -0.0556516 0.0224707
-0.0468278 0.112585 0.00948149
0.0424316 -0.0493566 0.0345584
0.05336 -0.0533018 0.0151728
0.0563496 -0.0409627 0.0207675
0.0541743 -0.0284194 0.0255718
0.0596932 -0.0363744 0.0145143
-0.0468067 0.0525074 0.0309028
0.0591442 -0.0479361 0.00980076
-0.0563946 0.0125791 0.0202191
-0.00681781 0.0546549 0.0492074
-0.0577131 0.0183513 0.0181374
0.0581655 -0.023639 0.0202882
-0.0141624 0.0545187 0.0475147
0.0604439 -0.0197321 0.0160976
0.0633761 -0.0305237 0.0102198
0.0637236 -0.0417428 0.00546092
0.0402012 -0.0679789 0.0220704
-0.0122196 0.0349034 0.0448871
0.065931 -0.0348421 0.00420696
-0.0376232 0.00595793 0.0316039
-0.04063 0.00488961 0.0307531
0.063223 -0.0149301 0.0118653
-0.0544912 0.0100941 0.0221998
-0.0298801 0.0873744 0.0283834
-0.00863026 0.0278737 0.0428988
-0.00990511 0.0306051 0.0438895
-0.0313624 0.0959864 0.0232389
0.0652193 -0.0264089 0.00704366
0.0666327 -0.00928819 0.0065859
0.0678939 -0.0177136 0.00272498
-0.033415 0.100954 0.0212066
0.0682622 -0.0208055 0.00178051
-0.0212112 0.00998562 0.0368323
0.0223812 -0.0291295 0.0499409
0.0175965 -0.0280307 0.0531183
-0.0580669 0.0364167 0.0207348
-0.0580612 0.0298968 0.0188841
-0.0303539 0.00765355 0.0342646
-0.058027 0.0237183 0.0170243
0.0133269 -0.0258644 0.0562494
-0.0529838 0.0080642 0.0241865
0.0105028 -0.0252693 0.0593567
0.00311857 -0.0294663 0.0627659
-0.0320208 0.0543623 0.0402542
-0.0336655 0.00740746 0.0334073
-0.00813346 0.0247896 0.0419488
-0.0166938 0.012092 0.037596
-0.0132922 0.0154147 0.0383778
-0.0393229 0.102126 0.0174212
-0.0111092 0.0180162 0.0392273
-0.00878185 0.0217555 0.0410454
-0.0252751 0.00710555 0.0370689
-0.0279095 0.0783986 0.0345171
-0.0445148 0.00580673 0.0288915
0.000313632 0.0549828 0.0489023
-0.00975051 0.0198798 0.0401283
-0.0155859 0.0384391 0.0469474
-0.0232318 0.054563 0.0448886
0.000324503 -0.0570939 0.0545158
-0.0262006 -0.0401104 0.0462164
-0.0269288 -0.0415887 0.0442789
-0.028597 -0.0482163 0.0435018
-0.0204765 -0.0342937 0.0528501
-0.0242099 -0.0385377 0.0491002
-0.0184205 -0.0558891 0.0492628
-0.0280361 -0.045173 0.0434075
-0.0124747 -0.0571827 0.0530494
-0.0281028 -0.0463227 0.043437
-0.00648132 -0.058045 0.0538207
0.000318768 -0.0321631 0.0609433
-0.010016 -0.0318838 0.0593656
-0.00453351 -0.0331366 0.0601673
-0.0155885 -0.0325876 0.0556099
-0.0263383 -0.0512101 0.0444784
-0.0231769 -0.0536336 0.0464053
0.00761104 -0.0196477 0.070359
0.00785149 -0.0202782 0.0683614
0.0152372 0.0203123 0.0350713
0.0114193 -0.0220399 0.0592433
0.00758774 0.00322889 0.0628191
0.0136839 0.0204041 0.035134
0.0128857 -0.0215277 0.058169
0.00746282 0.0109949 0.0576378
0.00858164 0.0196154 0.0453766
0.00734595 0.00675285 0.0607449
0.0176669 -0.0146004 0.0568071
0.0150699 -0.0211819 0.0560676
0.00892913 -0.0103487 0.0720897
0.00869942 -0.00762393 0.0710347
0.00981507 -0.0126134 0.0711043
0.00852332 -0.0173367 0.0722694
0.0175446 0.0197859 0.0349873
0.0219486 0.0218673 0.0327528
0.00919702 -0.011767 0.0721115
0.00767722 -0.0158724 0.075274
0.020714 0.0207661 0.0338311
0.0164022 0.0202434 0.0350243
0.011822 -0.0115934 0.06499
0.00795297 0.018935 0.0494232
0.015281 -0.0125737 0.060864
0.0175446 0.0197859 0.0349873
0.0195004 0.0200556 0.0338983
0.00787254 -0.000184469 0.0658902
0.0227063 0.0214306 0.0337325
0.00830312 -0.0222695 0.0643843
0.0108185 -0.0119342 0.0680432
0.0107931 -0.0128888 0.0690676
0.00891562 -0.0229396 0.0623721
0.0117802 0.0201382 0.0372218
0.00790854 0.0159969 0.0524969
0.00786716 0.0131112 0.0555693
0.00730216 -0.0222951 0.066429
0.00848644 -0.00390549 0.0689546
0.00923553 -0.0230957 0.0613613
0.00940405 -0.0142334 0.0721604
0.0300584 0.0362931 0.0410888
0.0298569 0.032162 0.0391911
0.0229308 0.0384303 0.0453409
0.00538561 0.0373599 0.0511034
0.0100697 0.0360459 0.0489364
0.029744 0.0298861 0.0382477
0.0301273 0.0295017 0.0372396
0.0297663 0.0302705 0.0382378
0.0301273 0.0295017 0.0372396
0.029744 0.0298861 0.0382477
0.0293601 0.0299088 0.0382632
0.0293601 0.0299088 0.0382632
0.0289675 0.0377913 0.0431017
0.0293601 0.0299088 0.0382632
0.030148 0.0291591 0.0352443
0.0301674 0.0284415 0.0322568
0.0224369 0.049098 0.0491176
0.052361 0.0489444 0.02785
0.0559282 0.0430583 0.0238337
0.0475726 0.00607792 0.0280471
0.0505367 0.00662301 0.0259084
0.0189855 0.0410827 0.0494483
0.0262175 0.0687744 0.0394913
0.025411 0.0615723 0.0426961
0.0400981 0.0548244 0.0362338
0.0356308 0.103211 0.0152702
0.0480442 0.0528796 0.0309418
0.0557238 0.0126025 0.0205471
0.00711707 0.0552339 0.0496137
0.0575652 0.0185504 0.0173283
0.0153009 0.055221 0.0482715
0.0136365 0.0344439 0.0458215
0.0359707 0.00691833 0.032516
0.0414908 0.00655339 0.0312931
0.054691 0.0102634 0.0216458
0.0292918 0.0873025 0.0289201
0.00936628 0.027941 0.0431477
0.0107155 0.0308865 0.0440239
0.0305517 0.0943454 0.0226966
0.0318005 0.100963 0.0174847
0.0212813 0.0102683 0.0370554
0.0581409 0.0366227 0.0218891
0.0576534 0.030306 0.0190531
0.0301371 0.00808408 0.0337334
0.0578002 0.0242295 0.0181874
0.0532022 0.00839748 0.0237536
0.033038 0.055137 0.0415267
0.0336872 0.00865649 0.033572
0.00879296 0.0253144 0.0422316
0.015576 0.0117979 0.0382589
0.0123185 0.0151044 0.0393189
0.033208 0.103948 0.0163553
0.0109717 0.017896 0.0403112
0.00895796 0.0222454 0.041295
0.0242857 0.00850288 0.03597
0.0283374 0.0782724 0.0341759
0.0442697 0.00595606 0.03019
0.00997015 0.0198848 0.0413078
0.0161502 0.0379815 0.0476365
0.0231606 0.0553277 0.0459388
0.0251844 -0.0401233 0.0460754
0.026217 -0.0430119 0.0430962
0.0274219 -0.0490194 0.0421847
0.0204946 -0.0356302 0.0531744
0.0237296 -0.0383765 0.0490988
0.0178164 -0.0561412 0.047757
0.0271821 -0.0461279 0.0431285
0.0118544 -0.0560055 0.0520071
0.0283186 -0.0467717 0.042095
0.00665381 -0.0567252 0.0542431
0.00963283 -0.033974 0.0595958
0.00464348 -0.0327826 0.0607773
0.0147564 -0.0331468 0.0573605
0.0257209 -0.0511861 0.0443085
0.022886 -0.0538515 0.0454899
0.0320334 0.0232825 0.02429
-0.0306312 0.0233633 0.0228977
0.0296979 0.0214069 0.0354437
0.0278067 0.0222966 0.0355019
0.0270547 0.02273 0.0355231
0.0255058 0.0228215 0.0355856
0.0296979 0.0214069 0.0354437
0.027442 0.0227071 0.0355075
0.0259508 0.0239547 0.0365418
0.0259508 0.0239547 0.0365418
0.0296979 0.0214069 0.0354437
0.027442 0.0227071 0.0355075
0.02678 0.0246909 0.0354889
0.0260181 0.0251142 0.036512
0.0296979 0.0214069 0.0354437
0.02678 0.0246909 0.0354889
0.0268251 0.0254661 0.035469
0.0264604 0.0258766 0.0354746
0.0296979 0.0214069 0.0354437
0.0268251 0.0254661 0.035469
0.0268251 0.0254661 0.035469
0.0269601 0.0277917 0.0354092
0.0296979 0.0214069 0.0354437
0.0268251 0.0254661 0.035469
0.0281734 0.0288653 0.0363347
0.0281669 0.0284983 0.0353424
0.0296979 0.0214069 0.0354437
0.0301273 0.0295017 0.0372396
0.028968 0.0292061 0.0362936
0.028968 0.0292061 0.0362936
0.0296979 0.0214069 0.0354437
0.0309212 0.0294785 0.0362058
0.0309212 0.0294785 0.0362058
0.0305351 0.0295013 0.0362214
0.0312243 0.0209277 0.0353912
0.0309212 0.0294785 0.0362058
0.0309212 0.0294785 0.0362058
0.031716 0.0298193 0.0361647
0.0319988 0.020882 0.0353599
0.0332381 0.0293415 0.0361123
0.0332381 0.0293415 0.0361123
0.0332381 0.0293415 0.0361123
0.0319988 0.020882 0.0353599
0.0339778 0.0292741 0.0370842
0.0339778 0.0292741 0.0370842
0.0336242 0.0293187 0.0360968
0.0351867 0.0222493 0.0351951
0.0368751 0.0252482 0.036056
0.0351464 0.0288409 0.0360444
0.0351464 0.0288409 0.0360444
0.0351867 0.0222493 0.0351951
0.0368526 0.0248616 0.0360659
0.03692 0.0260212 0.0360361
0.0369424 0.0264077 0.0360261
0.0351867 0.0222493 0.0351951
0.0368302 0.0244751 0.0360758
0.0368975 0.0256347 0.036046
0.03692 0.0260212 0.0360361
0.0351867 0.0222493 0.0351951
0.0363543 0.0229519 0.0361312
0.0368302 0.0244751 0.0360758
0.0372613 0.0252253 0.0360404
0.0339575 0.0211551 0.0352719
0.0363543 0.0229519 0.0361312
0.0367853 0.0237021 0.0360957
0.0375801 0.0240429 0.0360546
0.0339575 0.0211551 0.0352719
0.0363543 0.0229519 0.0361312
0.0363543 0.0229519 0.0361312
0.0378988 0.0228606 0.0360689
0.0339575 0.0211551 0.0352719
0.0363094 0.0221788 0.0361511
0.0363094 0.0221788 0.0361511
0.0374678 0.0221103 0.0361043
0.0339575 0.0211551 0.0352719
0.0363094 0.0221788 0.0361511
0.0363094 0.0221788 0.0361511
0.03742 0.0205615 0.0351412
0.0327732 0.0208362 0.0353287
0.0343447 0.0211322 0.0352562
0.0354614 0.0202883 0.0352293
0.0366006 0.0198321 0.0351924
0.0327732 0.0208362 0.0353287
0.0339124 0.0203799 0.0352918
0.0350517 0.0199236 0.0352549
0.0358261 0.0198778 0.0352237
0.032386 0.0208591 0.0353443
0.0335027 0.0200152 0.0353174
0.0338449 0.0192171 0.0353217
0.0349742 0.0179755 0.0343024
0.032386 0.0208591 0.0353443
0.0327057 0.0196733 0.0353586
0.0333902 0.0180771 0.0353672
0.0333677 0.0176895 0.0353772
0.0319988 0.020882 0.0353599
0.0323185 0.0196962 0.0353742
0.0326157 0.0181229 0.0353985
0.0329805 0.0177124 0.0353928
0.0319988 0.020882 0.0353599
0.031544 0.019742 0.0354055
0.0318412 0.0181687 0.0354297
0.0309992 0.0170516 0.0354909
0.0312243 0.0209277 0.0353912
0.0311568 0.0197649 0.0354211
0.0306795 0.0182374 0.0354766
0.030612 0.0170745 0.0355065
0.0308371 0.0209506 0.0354068
0.0303823 0.0198107 0.0354523
0.029905 0.0182831 0.0355078
0.0294502 0.0171432 0.0355533
0.0308371 0.0209506 0.0354068
0.0300175 0.0202212 0.035458
0.0291531 0.0187165 0.0355291
0.0283335 0.0179871 0.0355803
0.0304499 0.0209735 0.0354224
0.0292656 0.0206546 0.0354792
0.0284236 0.0195375 0.0355404
0.0275816 0.0184205 0.0356015
0.0296979 0.0214069 0.0354437
0.0288784 0.0206775 0.0354949
0.0276942 0.0203585 0.0355517
0.0268746 0.0196291 0.0356029
0.0312243 0.0209277 0.0353912
0.0296979 0.0214069 0.0354437
0.0281489 0.0214985 0.0355062
0.027352 0.0211566 0.0355474
0.0261452 0.0204501 0.0356142
0.0296979 0.0214069 0.0354437
0.0281714 0.0218861 0.0354962
0.0270097 0.0219547 0.0355431
0.0258481 0.0220234 0.0355899
0.024344 0.0228902 0.0356325
0.0227968 0.0229898 0.0336924
0.0208178 0.0227216 0.0317789
0.0196351 0.0227945 0.0308254
0.0192424 0.0228177 0.0308412
0.0192652 0.0232108 0.0308311
0.0192652 0.0232108 0.0308311
0.0196351 0.0227945 0.0308254
0.0317793 0.0245291 0.0212682
0.032208 0.0245133 0.0202495
0.0326861 0.0253075 0.01921
0.0326861 0.0253075 0.01921
0.0326861 0.0253075 0.01921
0.0244116 0.0240531 0.0356026
0.0221085 0.024595 0.0336838
0.0209587 0.0250636 0.0327196
0.0201484 0.0247278 0.0317601
0.0192652 0.0232108 0.0308311
0.0192652 0.0232108 0.0308311
0.0192652 0.0232108 0.0308311
0.0301997 0.0261978 0.0242986
0.0317793 0.0245291 0.0212682
0.0326861 0.0253075 0.01921
0.0326861 0.0253075 0.01921
0.0326861 0.0253075 0.01921
0.0326861 0.0253075 0.01921
0.0248889 0.0255805 0.0355471
0.022954 0.0257066 0.0346237
0.0214203 0.0262002 0.0336751
0.0201484 0.0247278 0.0317601
0.0201484 0.0247278 0.0317601
0.0192652 0.0232108 0.0308311
0.0297804 0.0262087 0.025317
0.0301997 0.0261978 0.0242986
0.0318963 0.0265436 0.0212164
0.0327096 0.0257126 0.0191995
0.0326861 0.0253075 0.01921
0.0326861 0.0253075 0.01921
0.0326861 0.0253075 0.01921
0.0257534 0.0270852 0.035476
0.0242495 0.0279519 0.0355185
0.0214203 0.0262002 0.0336751
0.0214203 0.0262002 0.0336751
0.0201484 0.0247278 0.0317601
0.0201484 0.0247278 0.0317601
0.0301997 0.0261978 0.0242986
0.0301997 0.0261978 0.0242986
0.0318963 0.0265436 0.0212164
0.0327096 0.0257126 0.0191995
0.0327096 0.0257126 0.0191995
0.0326861 0.0253075 0.01921
0.0326861 0.0253075 0.01921
0.0265729 0.0278146 0.0354248
0.0254337 0.0282709 0.0354617
0.0227906 0.029594 0.0355411
0.0221062 0.0311902 0.0355325
0.0281555 0.0270238 0.0303715
0.0293906 0.0269992 0.0273171
0.0301997 0.0261978 0.0242986
0.0314694 0.0265538 0.0222351
0.0318963 0.0265436 0.0212164
0.0327096 0.0257126 0.0191995
0.0327096 0.0257126 0.0191995
0.0327096 0.0257126 0.0191995
0.0326861 0.0253075 0.01921
0.0277797 0.0285212 0.035358
0.0273924 0.0285441 0.0353736
0.0281762 0.0281476 0.0333479
0.0285769 0.0277695 0.0313377
0.0289817 0.0273867 0.0293274
0.0298066 0.0269907 0.0262988
0.0310447 0.0265639 0.0232537
0.0318963 0.0265436 0.0212164
0.0318963 0.0265436 0.0212164
0.0327096 0.0257126 0.0191995
0.0327096 0.0257126 0.0191995
0.0327096 0.0257126 0.0191995
0.034766 0.0256039 0.0181151
0.0293736 0.0292048 0.0352756
0.028982 0.0288607 0.0342988
0.0297792 0.0288352 0.033265
0.0293829 0.0281151 0.031296
0.0297922 0.0277342 0.0292855
0.0298066 0.0269907 0.0262988
0.0314682 0.0269409 0.0232272
0.0318963 0.0265436 0.0212164
0.0318963 0.0265436 0.0212164
0.0327096 0.0257126 0.0191995
0.0327096 0.0257126 0.0191995
0.0327096 0.0257126 0.0191995
0.034766 0.0256039 0.0181151
0.030148 0.0291591 0.0352443
0.0305579 0.0291576 0.0342261
0.0305806 0.0288094 0.032231
0.0313864 0.0287834 0.0311969
0.0309956 0.0284337 0.0302202
0.0318637 0.0276851 0.0251957
0.0318941 0.0269319 0.0222085
0.0327247 0.0268989 0.0211735
0.0327289 0.0265094 0.0201813
0.0327096 0.0257126 0.0191995
0.0327096 0.0257126 0.0191995
0.034766 0.0256039 0.0181151
0.034766 0.0256039 0.0181151
0.0317195 0.0294551 0.0351719
0.0317195 0.0294551 0.0351719
0.0325558 0.0290849 0.0321422
0.0321965 0.028757 0.0301625
0.0321965 0.028757 0.0301625
0.0326552 0.0280187 0.026156
0.0335164 0.027624 0.0231259
0.0339556 0.0272304 0.0211145
0.0339632 0.0268418 0.0201221
0.0343754 0.0264271 0.0191134
0.034766 0.0256039 0.0181151
0.034766 0.0256039 0.0181151
0.034766 0.0256039 0.0181151
0.0328812 0.0293865 0.035125
0.0328812 0.0293865 0.035125
0.0329463 0.0290618 0.0321265
0.0337673 0.0286642 0.0300992
0.0337673 0.0286642 0.0300992
0.0338775 0.0279659 0.0251051
0.0343493 0.0275931 0.0220907
0.0339556 0.0272304 0.0211145
0.0339632 0.0268418 0.0201221
0.0343754 0.0264271 0.0191134
0.034766 0.0256039 0.0181151
0.034766 0.0256039 0.0181151
0.034766 0.0256039 0.0181151
0.0344076 0.0289073 0.0350725
0.0347949 0.0288844 0.0350569
0.0348416 0.028536 0.0330608
0.0337673 0.0286642 0.0300992
0.0345967 0.0282618 0.0280717
0.0346739 0.0279188 0.025073
0.0347506 0.0275693 0.0220745
0.0351631 0.027159 0.0210657
0.0351847 0.0263793 0.0190807
0.0351847 0.0263793 0.0190807
0.034766 0.0256039 0.0181151
0.034766 0.0256039 0.0181151
0.034766 0.0256039 0.0181151
0.0355469 0.028451 0.0350356
0.0351953 0.0284934 0.0340482
0.0395735 0.031682 0.0357935
0.0349225 0.0282015 0.0300618
0.0353635 0.0278199 0.02805
0.035447 0.0274733 0.0250511
0.0347506 0.0275693 0.0220745
0.0351631 0.027159 0.0210657
0.0351847 0.0263793 0.0190807
0.0351718 0.0255799 0.0180987
0.0351718 0.0255799 0.0180987
0.034766 0.0256039 0.0181151
0.034766 0.0256039 0.0181151
0.0366861 0.0279947 0.0349987
0.0382125 0.0275155 0.0349462
0.0414988 0.0296809 0.0337575
0.0431777 0.0307811 0.0326608
0.0440167 0.0307607 0.0316251
0.035447 0.0274733 0.0250511
0.0351631 0.027159 0.0210657
0.035174 0.0267702 0.0200732
0.0351847 0.0263793 0.0190807
0.0351718 0.0255799 0.0180987
0.0351718 0.0255799 0.0180987
0.0351718 0.0255799 0.0180987
0.034766 0.0256039 0.0181151
0.0377802 0.0267633 0.0349818
0.0393992 0.0270748 0.0339058
0.0414537 0.0289036 0.0337775
0.0439486 0.0295881 0.0316552
0.0448146 0.0299562 0.0306094
0.0464682 0.0291216 0.0285576
0.0355422 0.0267323 0.0210599
0.0355422 0.0267323 0.0210599
0.0351847 0.0263793 0.0190807
0.0351718 0.0255799 0.0180987
0.0351718 0.0255799 0.0180987
0.0351718 0.0255799 0.0180987
0.034766 0.0256039 0.0181151
0.0384421 0.0255434 0.0359837
0.0401532 0.0266401 0.0338845
0.0424941 0.0257368 0.0328068
0.0450468 0.0271892 0.0306641
0.0459178 0.0275516 0.0296182
0.0472318 0.0263424 0.0265882
0.0485395 0.0258996 0.0245416
0.0355422 0.0267323 0.0210599
0.0351718 0.0255799 0.0180987
0.0351718 0.0255799 0.0180987
0.0351718 0.0255799 0.0180987
0.0351718 0.0255799 0.0180987
0.034766 0.0256039 0.0181151
0.0391716 0.0239584 0.0349891
0.0408171 0.0246508 0.0339032
0.0425047 0.0249667 0.0318231
0.0437718 0.0245231 0.0297783
0.0454289 0.0248324 0.0287008
0.0472078 0.0247658 0.0256247
0.0480719 0.0247275 0.0245884
0.0480719 0.0247275 0.0245884
0.0351718 0.0255799 0.0180987
0.0351718 0.0255799 0.0180987
0.0351718 0.0255799 0.0180987
0.0351718 0.0255799 0.0180987
0.034766 0.0256039 0.0181151
0.039104 0.0227956 0.035019
0.0403158 0.0227302 0.0339688
0.0423685 0.0226214 0.0318834
0.0436805 0.0229509 0.0298187
0.0449207 0.0228849 0.0287674
0.0471616 0.0239709 0.0256452
0.0479793 0.0231334 0.0246294
0.0487548 0.021492 0.0236342
0.0351718 0.0255799 0.0180987
0.0351718 0.0255799 0.0180987
0.0351718 0.0255799 0.0180987
0.0351718 0.0255799 0.0180987
0.034766 0.0256039 0.0181151
0.0386493 0.0216557 0.0350645
0.0402255 0.0211754 0.0340088
0.042255 0.020667 0.0319336
0.0435436 0.0205924 0.0298794
0.0443896 0.0205432 0.0288441
0.0469308 0.0199965 0.0257474
0.0486852 0.0202932 0.023665
0.0486852 0.0202932 0.023665
0.0351718 0.0255799 0.0180987
0.0351718 0.0255799 0.0180987
0.0351718 0.0255799 0.0180987
0.0351718 0.0255799 0.0180987
0.034766 0.0256039 0.0181151
0.038172 0.0201281 0.03512
0.0397243 0.0192549 0.0340744
0.0413605 0.0187588 0.0320154
0.0430139 0.0182572 0.0299558
0.0438584 0.0182015 0.0289208
0.0463296 0.0176462 0.0268283
0.0480535 0.0175305 0.0247568
0.0486852 0.0202932 0.023665
0.0351142 0.025164 0.019112
0.0351718 0.0255799 0.0180987
0.0351718 0.0255799 0.0180987
0.0351718 0.0255799 0.0180987
0.034766 0.0256039 0.0181151
0.0381045 0.0189653 0.0351499
0.0392683 0.0181117 0.0341201
0.040466 0.0168505 0.0320972
0.041676 0.0155754 0.0300741
0.0436982 0.0154424 0.0289917
0.0445467 0.0153788 0.0279567
0.0479378 0.0155379 0.0248081
0.0479609 0.0159364 0.0247978
0.0350567 0.0247503 0.0201252
0.0351718 0.0255799 0.0180987
0.0351718 0.0255799 0.0180987
0.0351718 0.0255799 0.0180987
0.034766 0.0256039 0.0181151
0.0369158 0.0178608 0.034224
0.0380567 0.0166119 0.0332044
0.0392264 0.0157471 0.0321746
0.0408222 0.0144426 0.0301361
0.0407993 0.0140495 0.0301462
0.0444778 0.014193 0.0279872
0.0457034 0.0137061 0.0269462
0.0478915 0.0147408 0.0248286
0.0350567 0.0247503 0.0201252
0.0351718 0.0255799 0.0180987
0.0351718 0.0255799 0.0180987
0.0351718 0.0255799 0.0180987
0.034766 0.0256039 0.0181151
0.0357282 0.0175409 0.034281
0.0367978 0.0151218 0.0332916
0.0375508 0.013885 0.0322879
0.0383306 0.0130333 0.0312741
0.0394386 0.0109746 0.0302746
0.0422421 0.0107823 0.029161
0.0422421 0.0107823 0.029161
0.0456574 0.0129134 0.0269666
0.0333954 0.0240378 0.0202111
0.0342813 0.0248068 0.0191551
0.0351718 0.0255799 0.0180987
0.0351718 0.0255799 0.0180987
0.034766 0.0256039 0.0181151
0.034766 0.0256039 0.0181151
0.0341297 0.0168553 0.0343637
0.0351949 0.0144343 0.0333745
0.0359207 0.0128047 0.032381
0.0370875 0.0119268 0.0313517
0.037042 0.0111429 0.0313718
0.0394386 0.0109746 0.0302746
0.0394386 0.0109746 0.0302746
0.0418027 0.0100173 0.0291972
0.0333954 0.0240378 0.0202111
0.0333954 0.0240378 0.0202111
0.0342813 0.0248068 0.0191551
0.034766 0.0256039 0.0181151
0.034766 0.0256039 0.0181151
0.0325314 0.0161697 0.0344463
0.0336372 0.0145264 0.0334373
0.0339455 0.0125292 0.0324698
0.0342679 0.0113335 0.0324842
0.0369965 0.0103589 0.031392
0.0369965 0.0103589 0.031392
0.0394158 0.0105816 0.0302847
0.0394386 0.0109746 0.0302746
0.0333954 0.0240378 0.0202111
0.0333954 0.0240378 0.0202111
0.0333954 0.0240378 0.0202111
0.0334719 0.0248546 0.0191877
0.034766 0.0256039 0.0181151
0.0317547 0.0162157 0.0344777
0.0316449 0.0138619 0.0335359
0.031557 0.0118859 0.0325845
0.0315116 0.0111042 0.0326045
0.0315116 0.0111042 0.0326045
0.0326831 0.0110349 0.0325573
0.0365138 0.00881419 0.0314481
0.0325102 0.02367 0.0222588
0.0333954 0.0240378 0.0202111
0.0333954 0.0240378 0.0202111
0.0333954 0.0240378 0.0202111
0.0330672 0.0248785 0.019204
0.034766 0.0256039 0.0181151
0.0301788 0.0159188 0.0345503
0.0300872 0.013954 0.0335988
0.0311892 0.0122999 0.0325902
0.0311211 0.0111273 0.0326203
0.0311211 0.0111273 0.0326203
0.0311211 0.0111273 0.0326203
0.0311211 0.0111273 0.0326203
0.0325102 0.02367 0.0222588
0.0333954 0.0240378 0.0202111
0.0333954 0.0240378 0.0202111
0.0330672 0.0248785 0.019204
0.0330672 0.0248785 0.019204
0.0330672 0.0248785 0.019204
0.0290138 0.0159876 0.0345973
0.0281468 0.0144787 0.0346686
0.0276828 0.0129227 0.0337231
0.0272481 0.0121661 0.0337588
0.0272028 0.0113866 0.0337789
0.0311211 0.0111273 0.0326203
0.0311211 0.0111273 0.0326203
0.0325102 0.02367 0.0222588
0.0321583 0.0241025 0.0212623
0.032208 0.0245133 0.0202495
0.0330672 0.0248785 0.019204
0.0330672 0.0248785 0.019204
0.0330672 0.0248785 0.019204
0.0279013 0.0172348 0.0356158
0.0266504 0.0153305 0.0337101
0.0261931 0.0141842 0.0337558
0.0261931 0.0141842 0.0337558
0.0265598 0.0137714 0.0337502
0.0268134 0.0114096 0.0337946
0.0265598 0.0137714 0.0337502
0.0316824 0.0237116 0.0232935
0.0321583 0.0241025 0.0212623
0.032208 0.0245133 0.0202495
0.032208 0.0245133 0.0202495
0.0330672 0.0248785 0.019204
0.0330672 0.0248785 0.019204
0.0267846 0.0180786 0.0356427
0.0251379 0.0162022 0.0337529
0.0250927 0.0154226 0.0337729
0.02507 0.0150328 0.033783
0.02507 0.0150328 0.033783
0.02507 0.0150328 0.033783
0.02507 0.0150328 0.033783
0.0316824 0.0237116 0.0232935
0.0321583 0.0241025 0.0212623
0.032208 0.0245133 0.0202495
0.032208 0.0245133 0.0202495
0.0330672 0.0248785 0.019204
0.0330672 0.0248785 0.019204
0.025668 0.0189225 0.0356697
0.024015 0.0170508 0.0337799
0.0228468 0.0171199 0.0338271
0.0220226 0.0163863 0.0338786
0.0216332 0.0164094 0.0338943
0.0216332 0.0164094 0.0338943
0.0196351 0.0227945 0.0308254
0.0313527 0.0245447 0.0222867
0.032208 0.0245133 0.0202495
0.032208 0.0245133 0.0202495
0.032208 0.0245133 0.0202495
0.0330672 0.0248785 0.019204
0.0330672 0.0248785 0.019204
0.024961 0.0201311 0.035671
0.0226157 0.0198714 0.0337726
0.021769 0.0187481 0.0338341
0.0199053 0.0204192 0.0328718
0.0199663 0.021592 0.0318408
0.0196351 0.0227945 0.0308254
0.0196351 0.0227945 0.0308254
0.0313527 0.0245447 0.0222867
0.0317793 0.0245291 0.0212682
0.032208 0.0245133 0.0202495
0.032208 0.0245133 0.0202495
0.0326861 0.0253075 0.01921
0.0330672 0.0248785 0.019204
0.0250285 0.021294 0.0356411
0.0226836 0.0210408 0.0337425
0.0211449 0.0215226 0.0327944
0.0199663 0.021592 0.0318408
0.0196351 0.0227945 0.0308254
0.0196351 0.0227945 0.0308254
0.0196351 0.0227945 0.0308254
0.0196351 0.0227945 0.0308254
0.0317793 0.0245291 0.0212682
0.032208 0.0245133 0.0202495
0.0326861 0.0253075 0.01921
0.0326861 0.0253075 0.01921
0.0326861 0.0253075 0.01921
-0.0332493 0.0227767 0.0350343
-0.0348113 0.022869 0.0350973
-0.0363733 0.0229614 0.0351603
-0.0377581 0.0222508 0.0342335
-0.0332266 0.0231676 0.0350242
-0.0343754 0.0236277 0.0350614
-0.0363279 0.0237431 0.0351402
-0.0380359 0.0242338 0.0341989
-0.0332039 0.0235585 0.0350142
-0.0343527 0.0240186 0.0350513
-0.0358693 0.0248927 0.0350943
-0.0367928 0.0253403 0.0341212
-0.0332039 0.0235585 0.0350142
-0.0343073 0.0248004 0.0350313
-0.0354334 0.0256514 0.0350584
-0.0363557 0.0261012 0.0340853
-0.0332039 0.0235585 0.0350142
-0.0342846 0.0251913 0.0350212
-0.035388 0.0264332 0.0350383
-0.0351354 0.0268156 0.0340177
-0.0332039 0.0235585 0.0350142
-0.0342846 0.0251913 0.0350212
-0.0341711 0.0271457 0.0349709
-0.0349294 0.0275827 0.0349924
-0.0332039 0.0235585 0.0350142
-0.0342846 0.0251913 0.0350212
-0.0337579 0.0275135 0.0349452
-0.0333447 0.0278813 0.0349193
-0.0332039 0.0235585 0.0350142
-0.032541 0.028226 0.0348778
-0.032541 0.028226 0.0348778
-0.032541 0.028226 0.0348778
-0.0328361 0.0231445 0.0350085
-0.0311963 0.0285281 0.0358158
-0.0309562 0.0285246 0.0348047
-0.0309562 0.0285246 0.0348047
-0.0328361 0.0231445 0.0350085
-0.0311963 0.0285281 0.0358158
-0.0309562 0.0285246 0.0348047
-0.0301525 0.0288693 0.0347632
-0.0328361 0.0231445 0.0350085
-0.0309562 0.0285246 0.0348047
-0.0293715 0.0288231 0.0347317
-0.028981 0.0288001 0.0347159
-0.0328361 0.0231445 0.0350085
-0.0309562 0.0285246 0.0348047
-0.028981 0.0288001 0.0347159
-0.0283415 0.028774 0.0336887
-0.0328361 0.0231445 0.0350085
-0.028981 0.0288001 0.0347159
-0.028981 0.0288001 0.0347159
-0.0267751 0.0286814 0.0336255
-0.0298255 0.0210054 0.0349327
-0.0278503 0.0212809 0.0348439
-0.0267751 0.0286814 0.0336255
-0.0248627 0.0277817 0.0335667
-0.0298255 0.0210054 0.0349327
-0.0278503 0.0212809 0.0348439
-0.0242844 0.0242076 0.0336258
-0.0242844 0.0242076 0.0336258
-0.0298255 0.0210054 0.0349327
-0.0278503 0.0212809 0.0348439
-0.0247442 0.0230548 0.0336718
-0.0243071 0.0238156 0.0336359
-0.0298255 0.0210054 0.0349327
-0.0278503 0.0212809 0.0348439
-0.0266787 0.0212116 0.0347966
-0.024767 0.0226628 0.0336819
-0.0298255 0.0210054 0.0349327
-0.0278503 0.0212809 0.0348439
-0.0266787 0.0212116 0.0347966
-0.025094 0.0215102 0.0347236
-0.0298255 0.0210054 0.0349327
-0.0278503 0.0212809 0.0348439
-0.0270693 0.0212347 0.0348124
-0.0255299 0.0207515 0.0347594
-0.0298255 0.0210054 0.0349327
-0.028654 0.0209362 0.0348854
-0.0275052 0.020476 0.0348482
-0.026379 0.019625 0.0348211
-0.0298255 0.0210054 0.0349327
-0.0290672 0.0205684 0.0349112
-0.028377 0.0189587 0.0349199
-0.0272509 0.0181076 0.0348928
-0.0298255 0.0210054 0.0349327
-0.0298709 0.0202236 0.0349528
-0.0287675 0.0189818 0.0349357
-0.0280546 0.0177629 0.0349343
-0.0298255 0.0210054 0.0349327
-0.0298936 0.0198328 0.0349629
-0.0295939 0.0182461 0.0349873
-0.0292488 0.0174413 0.0349917
-0.0298255 0.0210054 0.0349327
-0.0303068 0.019465 0.0349886
-0.0303749 0.0182923 0.0350188
-0.0301992 0.0170841 0.0340385
-0.0325591 0.021167 0.035043
-0.0319142 0.0187755 0.0350718
-0.0319142 0.0187755 0.0350718
-0.031374 0.0171536 0.0340859
-0.0325591 0.021167 0.035043
-0.0323047 0.0187986 0.0350875
-0.0323047 0.0187986 0.0350875
-0.0325489 0.017223 0.0341333
-0.0325591 0.021167 0.035043
-0.0323047 0.0187986 0.0350875
-0.0332638 0.0184452 0.0341346
-0.033701 0.0176844 0.0341706
-0.0325364 0.0215579 0.0350329
-0.0329496 0.0211901 0.0350587
-0.0340243 0.0188835 0.0341561
-0.0348758 0.0177539 0.034218
-0.0325364 0.0215579 0.0350329
-0.0341211 0.0212593 0.035106
-0.0347847 0.0193218 0.0341777
-0.0352218 0.018561 0.0342136
-0.0329042 0.0219719 0.0350386
-0.0341211 0.0212593 0.035106
-0.0355224 0.020152 0.0341891
-0.0359367 0.0197832 0.034215
-0.0325137 0.0219488 0.0350229
-0.0328815 0.0223627 0.0350285
-0.0344889 0.0216733 0.0351117
-0.0356831 0.0213517 0.035169
-0.037066 0.0206366 0.0342422
-0.033272 0.0223858 0.0350443
-0.0344662 0.0220642 0.0351016
-0.0360509 0.0217656 0.0351747
-0.0373893 0.0218357 0.0342277
-0.0384958 0.023081 0.0342449
-0.0400398 0.0227652 0.0323144
-0.0417737 0.0224483 0.0293907
-0.0433013 0.0229236 0.0274411
-0.0440998 0.0229708 0.0274733
-0.0471074 0.0223194 0.0246105
-0.0476996 0.0223453 0.0236335
-0.0486987 0.0223953 0.0226728
-0.0486987 0.0223953 0.0226728
-0.0306078 0.0241684 0.0198745
-0.0306078 0.0241684 0.0198745
-0.0306078 0.0241684 0.0198745
-0.0306078 0.0241684 0.0198745
-0.0384275 0.024257 0.0342146
-0.0399253 0.024736 0.0322637
-0.041436 0.0252202 0.0303132
-0.0430058 0.0249125 0.0283835
-0.0436077 0.0245457 0.0274161
-0.045976 0.0246807 0.0255094
-0.048366 0.0248169 0.0236036
-0.048366 0.0248169 0.0236036
-0.0486987 0.0223953 0.0226728
-0.0306078 0.0241684 0.0198745
-0.0306078 0.0241684 0.0198745
-0.0306078 0.0241684 0.0198745
-0.0306078 0.0241684 0.0198745
-0.0379449 0.0258017 0.0341585
-0.0402504 0.0259418 0.0322492
-0.0419578 0.0268378 0.0312984
-0.043131 0.0265165 0.0293525
-0.0450653 0.0270377 0.0274189
-0.0460506 0.0271001 0.0264573
-0.0476784 0.0263959 0.0245394
-0.0476784 0.0263959 0.0245394
-0.048366 0.0248169 0.0236036
-0.0306078 0.0241684 0.0198745
-0.0306078 0.0241684 0.0198745
-0.0306078 0.0241684 0.0198745
-0.0306078 0.0241684 0.0198745
-0.037485 0.0269545 0.0341125
-0.0392685 0.0262762 0.0332015
-0.0416883 0.0283999 0.0322519
-0.0432777 0.0277153 0.0303319
-0.0444595 0.0273978 0.0283863
-0.0460506 0.0271001 0.0264573
-0.0476784 0.0263959 0.0245394
-0.0476784 0.0263959 0.0245394
-0.0320813 0.0262866 0.0228901
-0.0306078 0.0241684 0.0198745
-0.0306078 0.0241684 0.0198745
-0.0306078 0.0241684 0.0198745
-0.0282312 0.0252558 0.0187489
-0.0367018 0.0269082 0.0340809
-0.0400896 0.0294684 0.0341626
-0.0410721 0.0291437 0.03321
-0.0439775 0.0293475 0.0303231
-0.0439775 0.0293475 0.0303231
-0.0454414 0.027461 0.0274247
-0.0460506 0.0271001 0.0264573
-0.0320813 0.0262866 0.0228901
-0.0320813 0.0262866 0.0228901
-0.0306078 0.0241684 0.0198745
-0.0306078 0.0241684 0.0198745
-0.0306078 0.0241684 0.0198745
-0.0282312 0.0252558 0.0187489
-0.0349294 0.0275827 0.0349924
-0.0386756 0.0305498 0.0350796
-0.0400213 0.0306443 0.0341324
-0.0400213 0.0306443 0.0341324
-0.0439775 0.0293475 0.0303231
-0.0323129 0.0267004 0.0238913
-0.0320813 0.0262866 0.0228901
-0.0320813 0.0262866 0.0228901
-0.030371 0.0257861 0.0208281
-0.030371 0.0257861 0.0208281
-0.0282075 0.0256642 0.0187384
-0.0282075 0.0256642 0.0187384
-0.0282312 0.0252558 0.0187489
-0.0331091 0.0278758 0.0339085
-0.0328712 0.0278702 0.0328976
-0.0328069 0.0274867 0.0309016
-0.0323183 0.0274725 0.0288792
-0.0320707 0.0274653 0.0278679
-0.0323129 0.0267004 0.0238913
-0.0320813 0.0262866 0.0228901
-0.0320813 0.0262866 0.0228901
-0.030371 0.0257861 0.0208281
-0.0282075 0.0256642 0.0187384
-0.0282075 0.0256642 0.0187384
-0.0282075 0.0256642 0.0187384
-0.0282312 0.0252558 0.0187489
-0.0323032 0.0282215 0.0338669
-0.0316704 0.0281937 0.0328399
-0.0319942 0.0278353 0.0308595
-0.0323183 0.0274725 0.0288792
-0.0320707 0.0274653 0.0278679
-0.0323129 0.0267004 0.0238913
-0.0320813 0.0262866 0.0228901
-0.0306101 0.0262037 0.0218295
-0.030371 0.0257861 0.0208281
-0.0282075 0.0256642 0.0187384
-0.0282075 0.0256642 0.0187384
-0.0282075 0.0256642 0.0187384
-0.0282312 0.0252558 0.0187489
-0.0307139 0.0285209 0.0337936
-0.0300768 0.0284938 0.0327664
-0.0299969 0.0281138 0.0307697
-0.02935 0.0280852 0.0297422
-0.0316726 0.0274418 0.0278519
-0.0298745 0.0269606 0.0237835
-0.0281349 0.0268703 0.0217107
-0.028295 0.0264785 0.0207254
-0.0282075 0.0256642 0.0187384
-0.0282075 0.0256642 0.0187384
-0.0282075 0.0256642 0.0187384
-0.0282075 0.0256642 0.0187384
-0.0282312 0.0252558 0.0187489
-0.0303223 0.0284977 0.0337778
-0.0294352 0.0284666 0.0317392
-0.0283944 0.0284157 0.0306959
-0.0283016 0.0280327 0.0286986
-0.0276448 0.0280034 0.0276707
-0.0278386 0.0272445 0.023692
-0.0281349 0.0268703 0.0217107
-0.028295 0.0264785 0.0207254
-0.0282075 0.0256642 0.0187384
-0.0282075 0.0256642 0.0187384
-0.0282075 0.0256642 0.0187384
-0.0282075 0.0256642 0.0187384
-0.0282312 0.0252558 0.0187489
-0.0287331 0.0287971 0.0337045
-0.0280905 0.0287709 0.0326771
-0.0276047 0.028369 0.030664
-0.0271105 0.0279623 0.0286506
-0.0276448 0.0280034 0.0276707
-0.0270336 0.0271969 0.0236595
-0.0273256 0.0268224 0.0216781
-0.0274834 0.0264305 0.0206926
-0.0282075 0.0256642 0.0187384
-0.0282075 0.0256642 0.0187384
-0.0282075 0.0256642 0.0187384
-0.0282075 0.0256642 0.0187384
-0.0282312 0.0252558 0.0187489
-0.0267751 0.0286814 0.0336255
-0.0273051 0.0287244 0.0326455
-0.0262849 0.0282804 0.0316121
-0.0267134 0.0279388 0.0286345
-0.0266078 0.0275507 0.0266369
-0.0270336 0.0271969 0.0236595
-0.0273256 0.0268224 0.0216781
-0.0276414 0.0260364 0.0197073
-0.0282075 0.0256642 0.0187384
-0.0282075 0.0256642 0.0187384
-0.0282075 0.0256642 0.0187384
-0.0282075 0.0256642 0.0187384
-0.0282312 0.0252558 0.0187489
-0.0263836 0.0286582 0.0336097
-0.0257571 0.0282385 0.0325922
-0.0252814 0.0274385 0.0305887
-0.0259424 0.0274945 0.0286127
-0.0266078 0.0275507 0.0266369
-0.0270336 0.0271969 0.0236595
-0.0273256 0.0268224 0.0216781
-0.0276414 0.0260364 0.0197073
-0.0282075 0.0256642 0.0187384
-0.0282075 0.0256642 0.0187384
-0.0282075 0.0256642 0.0187384
-0.0282075 0.0256642 0.0187384
-0.0282312 0.0252558 0.0187489
-0.0244938 0.0273666 0.033561
-0.0247786 0.0270048 0.031579
-0.0252814 0.0274385 0.0305887
-0.0255684 0.0270735 0.0286069
-0.0258556 0.0267043 0.0266252
-0.0266545 0.0267702 0.0236536
-0.0269444 0.0263934 0.0216722
-0.0276414 0.0260364 0.0197073
-0.0276414 0.0260364 0.0197073
-0.0282075 0.0256642 0.0187384
-0.0282075 0.0256642 0.0187384
-0.0282075 0.0256642 0.0187384
-0.0282312 0.0252558 0.0187489
-0.0238245 0.0253604 0.0335798
-0.0242778 0.0265734 0.0325693
-0.0244534 0.025799 0.0315935
-0.0250634 0.0266387 0.0295971
-0.0253718 0.0258696 0.0276256
-0.0261432 0.0263306 0.0246437
-0.0271013 0.0260004 0.0206867
-0.0271013 0.0260004 0.0206867
-0.0282075 0.0256642 0.0187384
-0.0282075 0.0256642 0.0187384
-0.0282075 0.0256642 0.0187384
-0.0282312 0.0252558 0.0187489
-0.0282312 0.0252558 0.0187489
-0.0242844 0.0242076 0.0336258
-0.0234556 0.0249453 0.033574
-0.0190321 0.0238965 0.0314117
-0.0190321 0.0238965 0.0314117
-0.0190321 0.0238965 0.0314117
-0.0262988 0.0259407 0.0236581
-0.0271013 0.0260004 0.0206867
-0.0271249 0.0255942 0.0206972
-0.0282075 0.0256642 0.0187384
-0.0282312 0.0252558 0.0187489
-0.0282312 0.0252558 0.0187489
-0.0282312 0.0252558 0.0187489
-0.0282312 0.0252558 0.0187489
-0.0243299 0.0234237 0.033646
-0.0224174 0.022524 0.0335872
-0.0191008 0.022714 0.0314421
-0.0190779 0.0231082 0.0314319
-0.0186841 0.0230849 0.0314161
-0.0263456 0.0251349 0.0236788
-0.0271249 0.0255942 0.0206972
-0.0271249 0.0255942 0.0206972
-0.0282312 0.0252558 0.0187489
-0.0282312 0.0252558 0.0187489
-0.0282312 0.0252558 0.0187489
-0.0282312 0.0252558 0.0187489
-0.0282312 0.0252558 0.0187489
-0.0248125 0.0218789 0.0337021
-0.0225085 0.0209561 0.0336275
-0.0191465 0.0219257 0.0314624
-0.0191465 0.0219257 0.0314624
-0.0187527 0.0219025 0.0314465
-0.0187527 0.0219025 0.0314465
-0.027015 0.0251783 0.0217034
-0.0276887 0.0252218 0.0197282
-0.0282312 0.0252558 0.0187489
-0.0282312 0.0252558 0.0187489
-0.0282312 0.0252558 0.0187489
-0.0282312 0.0252558 0.0187489
-0.0282312 0.0252558 0.0187489
-0.0249036 0.020311 0.0337424
-0.0229911 0.0194113 0.0336836
-0.0214475 0.0189267 0.0336305
-0.0191465 0.0219257 0.0314624
-0.0191465 0.0219257 0.0314624
-0.0271094 0.0235655 0.0247483
-0.0273555 0.0239804 0.0227467
-0.0280307 0.0240175 0.0207717
-0.0281429 0.0244314 0.0197656
-0.0282312 0.0252558 0.0187489
-0.0282312 0.0252558 0.0187489
-0.0282312 0.0252558 0.0187489
-0.0282312 0.0252558 0.0187489
-0.0253862 0.0187662 0.0337985
-0.0238198 0.0186736 0.0337353
-0.0222534 0.0185811 0.0336722
-0.0214703 0.0185348 0.0336406
-0.0214703 0.0185348 0.0336406
-0.0275341 0.0231874 0.0247749
-0.0280307 0.0240175 0.0207717
-0.0280307 0.0240175 0.0207717
-0.0285734 0.0240482 0.0197925
-0.0285734 0.0240482 0.0197925
-0.0282312 0.0252558 0.0187489
-0.0282312 0.0252558 0.0187489
-0.0282312 0.0252558 0.0187489
-0.026102 0.0176475 0.0348556
-0.0247396 0.0163681 0.0338274
-0.0254237 0.0136254 0.0329187
-0.0250539 0.0132091 0.0329129
-0.0250539 0.0132091 0.0329129
-0.0250539 0.0132091 0.0329129
-0.0287513 0.0232485 0.0218208
-0.0280307 0.0240175 0.0207717
-0.0285734 0.0240482 0.0197925
-0.0285734 0.0240482 0.0197925
-0.0282312 0.0252558 0.0187489
-0.0282312 0.0252558 0.0187489
-0.0282312 0.0252558 0.0187489
-0.0275263 0.0157462 0.0339581
-0.0265561 0.0144811 0.032946
-0.0254237 0.0136254 0.0329187
-0.0250539 0.0132091 0.0329129
-0.0250539 0.0132091 0.0329129
-0.0250539 0.0132091 0.0329129
-0.0287513 0.0232485 0.0218208
-0.0287513 0.0232485 0.0218208
-0.0285734 0.0240482 0.0197925
-0.0285734 0.0240482 0.0197925
-0.0285734 0.0240482 0.0197925
-0.0282312 0.0252558 0.0187489
-0.0282312 0.0252558 0.0187489
-0.0282312 0.0252558 0.0187489
-0.0286784 0.0162076 0.0339954
-0.0277798 0.0137646 0.0330137
-0.0270401 0.0129321 0.0330022
-0.026693 0.0121227 0.0330066
-0.0296778 0.0106828 0.0321635
-0.0296778 0.0106828 0.0321635
-0.0287513 0.0232485 0.0218208
-0.0287513 0.0232485 0.0218208
-0.0298176 0.023713 0.0198522
-0.0298176 0.023713 0.0198522
-0.0298176 0.023713 0.0198522
-0.0298176 0.023713 0.0198522
-0.0282312 0.0252558 0.0187489
-0.0298759 0.015885 0.0340529
-0.0297433 0.0138807 0.0330929
-0.0304195 0.0115177 0.032175
-0.0296778 0.0106828 0.0321635
-0.0296778 0.0106828 0.0321635
-0.0296778 0.0106828 0.0321635
-0.0347183 0.0109035 0.0303664
-0.0298176 0.023713 0.0198522
-0.0298176 0.023713 0.0198522
-0.0298176 0.023713 0.0198522
-0.0298176 0.023713 0.0198522
-0.0298176 0.023713 0.0198522
-0.0282312 0.0252558 0.0187489
-0.0316155 0.015569 0.0331317
-0.0314635 0.0139525 0.0321619
-0.0311613 0.0123526 0.0321865
-0.0333532 0.011258 0.0313024
-0.0347413 0.0105071 0.0303766
-0.0347413 0.0105071 0.0303766
-0.0364641 0.010968 0.0294366
-0.0298176 0.023713 0.0198522
-0.0298176 0.023713 0.0198522
-0.0298176 0.023713 0.0198522
-0.0298176 0.023713 0.0198522
-0.0298176 0.023713 0.0198522
-0.0282312 0.0252558 0.0187489
-0.0327706 0.0160317 0.0331691
-0.0330387 0.0140456 0.0322255
-0.0332843 0.0124438 0.0312718
-0.0347183 0.0109035 0.0303664
-0.0364641 0.010968 0.0294366
-0.0365102 0.0101731 0.029457
-0.0364641 0.010968 0.0294366
-0.0387094 0.0094625 0.0285642
-0.0298176 0.023713 0.0198522
-0.0298176 0.023713 0.0198522
-0.0298176 0.023713 0.0198522
-0.0298176 0.023713 0.0198522
-0.0298176 0.023713 0.0198522
-0.0343186 0.0165177 0.0332223
-0.034749 0.0145134 0.0312847
-0.0357911 0.0129554 0.0303634
-0.0364641 0.010968 0.0294366
-0.0364641 0.010968 0.0294366
-0.0387094 0.0094625 0.0285642
-0.0387094 0.0094625 0.0285642
-0.0429549 0.0112357 0.0266977
-0.0298176 0.023713 0.0198522
-0.0298176 0.023713 0.0198522
-0.0298176 0.023713 0.0198522
-0.0298176 0.023713 0.0198522
-0.0298176 0.023713 0.0198522
-0.0354738 0.0169804 0.0332598
-0.0366774 0.0154206 0.0313441
-0.0373289 0.0138417 0.0304069
-0.0383571 0.0126751 0.0294758
-0.039765 0.0119243 0.0285509
-0.0415324 0.0119923 0.0276219
-0.0429549 0.0112357 0.0266977
-0.0429549 0.0112357 0.0266977
-0.0444589 0.0161242 0.0256454
-0.0306078 0.0241684 0.0198745
-0.0306078 0.0241684 0.0198745
-0.0306078 0.0241684 0.0198745
-0.0306078 0.0241684 0.0198745
-0.0362136 0.0178129 0.0332713
-0.0377932 0.0166764 0.0313614
-0.0388437 0.0151244 0.0304402
-0.0408437 0.0139875 0.0285478
-0.0408437 0.0139875 0.0285478
-0.043076 0.0160679 0.0265902
-0.0444589 0.0161242 0.0256454
-0.0453757 0.0173657 0.0246536
-0.0453757 0.0173657 0.0246536
-0.0306078 0.0241684 0.0198745
-0.0306078 0.0241684 0.0198745
-0.0306078 0.0241684 0.0198745
-0.0306078 0.0241684 0.0198745
-0.0373232 0.0190618 0.0332884
-0.038909 0.0179322 0.0313787
-0.0402895 0.0175961 0.0304429
-0.0415011 0.0164257 0.0285185
-0.043076 0.0160679 0.0265902
-0.0444589 0.0161242 0.0256454
-0.0453757 0.0173657 0.0246536
-0.0468173 0.0166179 0.02373
-0.0467704 0.0174259 0.0237093
-0.0306078 0.0241684 0.0198745
-0.0306078 0.0241684 0.0198745
-0.0306078 0.0241684 0.0198745
-0.0306078 0.0241684 0.0198745
-0.0380401 0.0202874 0.0332898
-0.0400017 0.0195832 0.0313858
-0.0410124 0.0188319 0.0304443
-0.0421816 0.0184654 0.0284993
-0.0437603 0.0181188 0.0265709
-0.0453289 0.0181715 0.0246329
-0.0467469 0.0178299 0.0236989
-0.0466531 0.0194458 0.0236573
-0.0466531 0.0194458 0.0236573
-0.0306078 0.0241684 0.0198745
-0.0306078 0.0241684 0.0198745
-0.0306078 0.0241684 0.0198745
-0.0306078 0.0241684 0.0198745
-0.038757 0.021513 0.0332912
-0.0403048 0.0211876 0.0313611
-0.041866 0.0208585 0.0294316
-0.0432604 0.0205287 0.0284963
-0.0444446 0.0201697 0.0265518
-0.0456845 0.019001 0.0246284
-0.0466531 0.0194458 0.0236573
-0.0466531 0.0194458 0.0236573
-0.0466531 0.0194458 0.0236573
-0.0306078 0.0241684 0.0198745
-0.0306078 0.0241684 0.0198745
-0.0306078 0.0241684 0.0198745
-0.0306078 0.0241684 0.0198745
