0.414419 0.020324 0.467
0.413325 0.0808726 0.461
0.561877 0.319153 0.565
0.547989 0.332882 0.533
0.558506 0.354561 0.523
0.578683 0.381022 0.521
0.580232 0.393134 0.503
0.588919 0.406886 0.491
0.609447 0.418866 0.487
0.614303 0.411344 0.468
0.62645 0.402229 0.456
0.652867 0.394761 0.454
0.679144 0.38251 0.453
0.714817 0.370277 0.459
0.730858 0.347044 0.455
0.809824 0.277866 0.466
0.827276 0.249128 0.467
0.817153 0.212718 0.455
0.807811 0.179094 0.446
0.831503 0.120096 0.456
0.826033 0.0851601 0.453
0.819186 0.0535034 0.45
0.843647 -0.0104317 0.465
0.410738 -0.00437292 0.443
0.409179 -0.0352924 0.414
0.42577 -0.0379624 0.401
0.447264 -0.0372997 0.394
0.473773 -0.0346481 0.392
0.484675 -0.0152167 0.399
0.458714 -0.016635 0.403
0.430017 -0.0167175 0.405
0.409454 -0.0144536 0.413
0.541545 -0.042935 0.389
0.574232 -0.0517518 0.391
0.61118 -0.0595734 0.394
0.659659 -0.0584028 0.403
0.719606 -0.0344848 0.42
0.662532 -0.0395152 0.404
0.617048 -0.0375837 0.397
0.586947 -0.0314285 0.398
0.549711 -0.023688 0.394
0.508107 0.0156673 0.388
0.49223 0.0575415 0.375
0.481536 0.0963925 0.366
0.481337 0.135105 0.365
0.478601 0.155739 0.394
0.490045 0.158227 0.385
0.504436 0.160522 0.379
0.529243 0.152993 0.381
0.562965 0.147654 0.389
0.432033 0.0304374 0.424
0.435131 0.016596 0.411
0.449428 0.0100679 0.408
0.47662 0.0127236 0.411
0.496737 0.0256317 0.411
0.474301 0.0319297 0.409
0.454139 0.0358708 0.41
0.439573 0.0362207 0.414
0.584221 0.0164749 0.408
0.59727 -0.000181899 0.405
0.62263 -0.00657407 0.407
0.63905 -0.00398795 0.404
0.67187 0.00628474 0.412
0.643456 0.015119 0.406
0.622048 0.0188977 0.405
0.602471 0.0176692 0.406
0.460035 0.215716 0.402
0.479791 0.204715 0.393
0.500645 0.198129 0.385
0.513275 0.1971 0.383
0.527334 0.193491 0.383
0.568639 0.19358 0.388
0.620156 0.199068 0.399
0.587989 0.219526 0.393
0.554635 0.236839 0.389
0.525042 0.246022 0.39
0.497756 0.24359 0.392
0.476185 0.231152 0.396
0.463797 0.216438 0.401
0.486807 0.213627 0.389
0.517133 0.213848 0.385
0.559144 0.206985 0.388
0.612515 0.201069 0.398
0.557703 0.208882 0.387
0.517133 0.216267 0.385
0.484369 0.215515 0.388
0.470187 0.0222887 0.421
0.639204 0.00505136 0.417
